#energy[MeV];counts
-0.0005;0
0.0005;0
0.0015;0
0.0025;0
0.0035;0
0.0045;0
0.0055;0
0.0065;0
0.0075;0
0.0085;0
0.0095;0
0.0105;0
0.0115;0
0.0125;0
0.0135;0
0.0145;0
0.0155;0
0.0165;0
0.0175;0
0.0185;0
0.0195;0
0.0205;0
0.0215;0
0.0225;0
0.0235;0
0.0245;0
0.0255;0
0.0265;0
0.0275;0
0.0285;0
0.0295;0
0.0305;0
0.0315;0
0.0325;0
0.0335;0
0.0345;0
0.0355;0
0.0365;0
0.0375;0
0.0385;0
0.0395;0
0.0405;0
0.0415;0
0.0425;0
0.0435;0
0.0445;0
0.0455;0
0.0465;0
0.0475;0
0.0485;0
0.0495;0
0.0505;152
0.0515;146
0.0525;137
0.0535;149
0.0545;140
0.0555;157
0.0565;185
0.0575;178
0.0585;145
0.0595;161
0.0605;166
0.0615;141
0.0625;142
0.0635;168
0.0645;169
0.0655;163
0.0665;146
0.0675;150
0.0685;167
0.0695;172
0.0705;170
0.0715;145
0.0725;177
0.0735;194
0.0745;171
0.0755;180
0.0765;169
0.0775;185
0.0785;141
0.0795;180
0.0805;191
0.0815;190
0.0825;189
0.0835;182
0.0845;177
0.0855;194
0.0865;187
0.0875;183
0.0885;182
0.0895;177
0.0905;173
0.0915;204
0.0925;181
0.0935;207
0.0945;178
0.0955;186
0.0965;181
0.0975;198
0.0985;228
0.0995;178
0.1005;193
0.1015;202
0.1025;207
0.1035;205
0.1045;201
0.1055;204
0.1065;199
0.1075;221
0.1085;191
0.1095;225
0.1105;213
0.1115;223
0.1125;216
0.1135;220
0.1145;206
0.1155;233
0.1165;215
0.1175;233
0.1185;229
0.1195;220
0.1205;224
0.1215;252
0.1225;226
0.1235;221
0.1245;210
0.1255;223
0.1265;217
0.1275;231
0.1285;247
0.1295;246
0.1305;226
0.1315;232
0.1325;224
0.1335;263
0.1345;280
0.1355;238
0.1365;246
0.1375;239
0.1385;239
0.1395;239
0.1405;277
0.1415;285
0.1425;244
0.1435;267
0.1445;268
0.1455;300
0.1465;286
0.1475;274
0.1485;266
0.1495;274
0.1505;283
0.1515;268
0.1525;277
0.1535;255
0.1545;257
0.1555;268
0.1565;303
0.1575;272
0.1585;279
0.1595;272
0.1605;292
0.1615;303
0.1625;273
0.1635;313
0.1645;279
0.1655;336
0.1665;331
0.1675;264
0.1685;312
0.1695;309
0.1705;285
0.1715;287
0.1725;300
0.1735;288
0.1745;369
0.1755;346
0.1765;321
0.1775;318
0.1785;324
0.1795;387
0.1805;338
0.1815;333
0.1825;358
0.1835;357
0.1845;342
0.1855;328
0.1865;375
0.1875;334
0.1885;367
0.1895;384
0.1905;347
0.1915;365
0.1925;388
0.1935;376
0.1945;328
0.1955;375
0.1965;362
0.1975;346
0.1985;376
0.1995;379
0.2005;387
0.2015;357
0.2025;373
0.2035;417
0.2045;381
0.2055;431
0.2065;418
0.2075;392
0.2085;389
0.2095;380
0.2105;369
0.2115;401
0.2125;411
0.2135;399
0.2145;401
0.2155;434
0.2165;451
0.2175;395
0.2185;428
0.2195;419
0.2205;427
0.2215;441
0.2225;376
0.2235;399
0.2245;375
0.2255;432
0.2265;377
0.2275;472
0.2285;439
0.2295;393
0.2305;441
0.2315;464
0.2325;442
0.2335;432
0.2345;465
0.2355;411
0.2365;450
0.2375;425
0.2385;474
0.2395;456
0.2405;418
0.2415;418
0.2425;493
0.2435;462
0.2445;424
0.2455;438
0.2465;471
0.2475;388
0.2485;448
0.2495;454
0.2505;441
0.2515;472
0.2525;465
0.2535;483
0.2545;515
0.2555;442
0.2565;469
0.2575;436
0.2585;500
0.2595;443
0.2605;436
0.2615;467
0.2625;488
0.2635;411
0.2645;443
0.2655;459
0.2665;490
0.2675;470
0.2685;439
0.2695;469
0.2705;478
0.2715;443
0.2725;474
0.2735;467
0.2745;460
0.2755;477
0.2765;469
0.2775;446
0.2785;443
0.2795;436
0.2805;448
0.2815;425
0.2825;436
0.2835;472
0.2845;479
0.2855;474
0.2865;442
0.2875;421
0.2885;435
0.2895;469
0.2905;425
0.2915;471
0.2925;445
0.2935;488
0.2945;440
0.2955;417
0.2965;421
0.2975;459
0.2985;468
0.2995;469
0.3005;444
0.3015;455
0.3025;418
0.3035;420
0.3045;407
0.3055;454
0.3065;474
0.3075;445
0.3085;451
0.3095;445
0.3105;406
0.3115;453
0.3125;396
0.3135;419
0.3145;460
0.3155;459
0.3165;447
0.3175;466
0.3185;456
0.3195;415
0.3205;453
0.3215;424
0.3225;451
0.3235;423
0.3245;406
0.3255;444
0.3265;460
0.3275;406
0.3285;401
0.3295;446
0.3305;421
0.3315;414
0.3325;421
0.3335;425
0.3345;429
0.3355;422
0.3365;423
0.3375;375
0.3385;460
0.3395;427
0.3405;418
0.3415;409
0.3425;413
0.3435;414
0.3445;426
0.3455;411
0.3465;414
0.3475;409
0.3485;416
0.3495;443
0.3505;395
0.3515;426
0.3525;416
0.3535;420
0.3545;410
0.3555;426
0.3565;470
0.3575;418
0.3585;406
0.3595;396
0.3605;431
0.3615;439
0.3625;416
0.3635;451
0.3645;427
0.3655;417
0.3665;422
0.3675;387
0.3685;408
0.3695;392
0.3705;414
0.3715;397
0.3725;393
0.3735;395
0.3745;455
0.3755;413
0.3765;405
0.3775;404
0.3785;420
0.3795;388
0.3805;402
0.3815;450
0.3825;422
0.3835;410
0.3845;428
0.3855;403
0.3865;406
0.3875;443
0.3885;421
0.3895;395
0.3905;380
0.3915;431
0.3925;418
0.3935;414
0.3945;436
0.3955;420
0.3965;443
0.3975;373
0.3985;413
0.3995;403
0.4005;456
0.4015;387
0.4025;432
0.4035;398
0.4045;421
0.4055;436
0.4065;426
0.4075;419
0.4085;419
0.4095;410
0.4105;426
0.4115;465
0.4125;409
0.4135;409
0.4145;404
0.4155;419
0.4165;428
0.4175;434
0.4185;419
0.4195;416
0.4205;388
0.4215;439
0.4225;423
0.4235;433
0.4245;414
0.4255;460
0.4265;390
0.4275;425
0.4285;429
0.4295;439
0.4305;413
0.4315;450
0.4325;434
0.4335;452
0.4345;400
0.4355;412
0.4365;400
0.4375;435
0.4385;402
0.4395;421
0.4405;439
0.4415;417
0.4425;399
0.4435;439
0.4445;419
0.4455;428
0.4465;447
0.4475;429
0.4485;459
0.4495;413
0.4505;387
0.4515;411
0.4525;467
0.4535;426
0.4545;418
0.4555;460
0.4565;425
0.4575;449
0.4585;406
0.4595;430
0.4605;461
0.4615;455
0.4625;432
0.4635;414
0.4645;448
0.4655;462
0.4665;448
0.4675;444
0.4685;458
0.4695;443
0.4705;436
0.4715;446
0.4725;441
0.4735;407
0.4745;399
0.4755;431
0.4765;434
0.4775;460
0.4785;456
0.4795;409
0.4805;425
0.4815;383
0.4825;432
0.4835;442
0.4845;439
0.4855;450
0.4865;438
0.4875;432
0.4885;408
0.4895;435
0.4905;427
0.4915;440
0.4925;416
0.4935;456
0.4945;473
0.4955;435
0.4965;412
0.4975;445
0.4985;431
0.4995;446
0.5005;433
0.5015;504
0.5025;462
0.5035;467
0.5045;417
0.5055;427
0.5065;434
0.5075;415
0.5085;415
0.5095;422
0.5105;460
0.5115;445
0.5125;453
0.5135;414
0.5145;460
0.5155;450
0.5165;486
0.5175;444
0.5185;429
0.5195;419
0.5205;464
0.5215;460
0.5225;452
0.5235;458
0.5245;470
0.5255;443
0.5265;426
0.5275;420
0.5285;464
0.5295;476
0.5305;440
0.5315;465
0.5325;453
0.5335;451
0.5345;472
0.5355;430
0.5365;453
0.5375;489
0.5385;433
0.5395;444
0.5405;457
0.5415;461
0.5425;481
0.5435;480
0.5445;507
0.5455;464
0.5465;430
0.5475;470
0.5485;497
0.5495;466
0.5505;464
0.5515;466
0.5525;453
0.5535;464
0.5545;464
0.5555;480
0.5565;441
0.5575;451
0.5585;462
0.5595;442
0.5605;445
0.5615;516
0.5625;442
0.5635;454
0.5645;472
0.5655;465
0.5665;444
0.5675;472
0.5685;451
0.5695;495
0.5705;410
0.5715;458
0.5725;452
0.5735;498
0.5745;462
0.5755;435
0.5765;479
0.5775;462
0.5785;476
0.5795;486
0.5805;471
0.5815;476
0.5825;453
0.5835;496
0.5845;464
0.5855;447
0.5865;498
0.5875;464
0.5885;485
0.5895;503
0.5905;469
0.5915;477
0.5925;517
0.5935;495
0.5945;488
0.5955;461
0.5965;492
0.5975;495
0.5985;525
0.5995;482
0.6005;473
0.6015;507
0.6025;516
0.6035;475
0.6045;462
0.6055;507
0.6065;488
0.6075;472
0.6085;504
0.6095;511
0.6105;507
0.6115;469
0.6125;510
0.6135;454
0.6145;509
0.6155;520
0.6165;500
0.6175;526
0.6185;475
0.6195;473
0.6205;490
0.6215;506
0.6225;480
0.6235;515
0.6245;493
0.6255;551
0.6265;469
0.6275;491
0.6285;510
0.6295;516
0.6305;501
0.6315;526
0.6325;510
0.6335;538
0.6345;526
0.6355;474
0.6365;485
0.6375;526
0.6385;533
0.6395;540
0.6405;487
0.6415;485
0.6425;468
0.6435;480
0.6445;471
0.6455;507
0.6465;549
0.6475;521
0.6485;544
0.6495;503
0.6505;515
0.6515;479
0.6525;494
0.6535;496
0.6545;502
0.6555;555
0.6565;492
0.6575;523
0.6585;510
0.6595;523
0.6605;551
0.6615;487
0.6625;514
0.6635;490
0.6645;522
0.6655;532
0.6665;476
0.6675;542
0.6685;519
0.6695;517
0.6705;522
0.6715;576
0.6725;534
0.6735;570
0.6745;543
0.6755;501
0.6765;568
0.6775;528
0.6785;532
0.6795;555
0.6805;587
0.6815;523
0.6825;549
0.6835;513
0.6845;539
0.6855;549
0.6865;593
0.6875;547
0.6885;556
0.6895;533
0.6905;530
0.6915;536
0.6925;557
0.6935;528
0.6945;538
0.6955;534
0.6965;574
0.6975;596
0.6985;572
0.6995;581
0.7005;551
0.7015;543
0.7025;579
0.7035;550
0.7045;551
0.7055;538
0.7065;566
0.7075;565
0.7085;563
0.7095;557
0.7105;583
0.7115;514
0.7125;575
0.7135;578
0.7145;574
0.7155;559
0.7165;572
0.7175;605
0.7185;559
0.7195;590
0.7205;582
0.7215;572
0.7225;564
0.7235;555
0.7245;575
0.7255;524
0.7265;614
0.7275;573
0.7285;555
0.7295;580
0.7305;576
0.7315;583
0.7325;605
0.7335;591
0.7345;576
0.7355;601
0.7365;576
0.7375;561
0.7385;601
0.7395;573
0.7405;573
0.7415;562
0.7425;553
0.7435;600
0.7445;583
0.7455;554
0.7465;560
0.7475;593
0.7485;558
0.7495;619
0.7505;613
0.7515;603
0.7525;586
0.7535;587
0.7545;615
0.7555;573
0.7565;592
0.7575;548
0.7585;584
0.7595;561
0.7605;586
0.7615;599
0.7625;608
0.7635;556
0.7645;612
0.7655;603
0.7665;607
0.7675;590
0.7685;602
0.7695;601
0.7705;643
0.7715;586
0.7725;576
0.7735;623
0.7745;578
0.7755;633
0.7765;671
0.7775;613
0.7785;594
0.7795;603
0.7805;623
0.7815;604
0.7825;662
0.7835;608
0.7845;594
0.7855;559
0.7865;627
0.7875;649
0.7885;631
0.7895;611
0.7905;614
0.7915;631
0.7925;603
0.7935;629
0.7945;638
0.7955;586
0.7965;626
0.7975;615
0.7985;598
0.7995;630
0.8005;645
0.8015;639
0.8025;692
0.8035;644
0.8045;615
0.8055;651
0.8065;621
0.8075;626
0.8085;592
0.8095;616
0.8105;620
0.8115;594
0.8125;643
0.8135;635
0.8145;635
0.8155;629
0.8165;614
0.8175;641
0.8185;653
0.8195;632
0.8205;616
0.8215;662
0.8225;627
0.8235;682
0.8245;711
0.8255;663
0.8265;666
0.8275;653
0.8285;671
0.8295;657
0.8305;654
0.8315;614
0.8325;660
0.8335;654
0.8345;699
0.8355;670
0.8365;621
0.8375;629
0.8385;638
0.8395;597
0.8405;652
0.8415;619
0.8425;555
0.8435;577
0.8445;607
0.8455;542
0.8465;587
0.8475;525
0.8485;546
0.8495;545
0.8505;555
0.8515;545
0.8525;498
0.8535;551
0.8545;543
0.8555;539
0.8565;541
0.8575;554
0.8585;545
0.8595;543
0.8605;572
0.8615;562
0.8625;565
0.8635;553
0.8645;558
0.8655;570
0.8665;560
0.8675;540
0.8685;574
0.8695;566
0.8705;614
0.8715;521
0.8725;562
0.8735;540
0.8745;557
0.8755;568
0.8765;558
0.8775;586
0.8785;569
0.8795;600
0.8805;583
0.8815;604
0.8825;566
0.8835;605
0.8845;560
0.8855;567
0.8865;554
0.8875;593
0.8885;550
0.8895;540
0.8905;567
0.8915;607
0.8925;589
0.8935;560
0.8945;621
0.8955;601
0.8965;594
0.8975;602
0.8985;606
0.8995;577
0.9005;549
0.9015;585
0.9025;597
0.9035;581
0.9045;587
0.9055;570
0.9065;600
0.9075;586
0.9085;598
0.9095;553
0.9105;618
0.9115;600
0.9125;555
0.9135;592
0.9145;613
0.9155;621
0.9165;574
0.9175;595
0.9185;627
0.9195;617
0.9205;618
0.9215;613
0.9225;597
0.9235;590
0.9245;547
0.9255;604
0.9265;611
0.9275;621
0.9285;591
0.9295;588
0.9305;600
0.9315;617
0.9325;559
0.9335;595
0.9345;608
0.9355;566
0.9365;614
0.9375;577
0.9385;616
0.9395;640
0.9405;607
0.9415;626
0.9425;625
0.9435;634
0.9445;617
0.9455;570
0.9465;606
0.9475;570
0.9485;604
0.9495;624
0.9505;587
0.9515;643
0.9525;617
0.9535;616
0.9545;679
0.9555;634
0.9565;624
0.9575;597
0.9585;652
0.9595;583
0.9605;636
0.9615;612
0.9625;614
0.9635;647
0.9645;638
0.9655;654
0.9665;686
0.9675;660
0.9685;640
0.9695;622
0.9705;629
0.9715;644
0.9725;633
0.9735;642
0.9745;607
0.9755;633
0.9765;592
0.9775;624
0.9785;669
0.9795;648
0.9805;669
0.9815;646
0.9825;620
0.9835;618
0.9845;666
0.9855;673
0.9865;630
0.9875;633
0.9885;666
0.9895;646
0.9905;649
0.9915;679
0.9925;623
0.9935;644
0.9945;675
0.9955;677
0.9965;665
0.9975;641
0.9985;600
0.9995;702
1.0005;700
1.0015;682
1.0025;656
1.0035;648
1.0045;682
1.0055;660
1.0065;685
1.0075;665
1.0085;663
1.0095;641
1.0105;641
1.0115;657
1.0125;666
1.0135;651
1.0145;601
1.0155;665
1.0165;694
1.0175;667
1.0185;649
1.0195;672
1.0205;637
1.0215;656
1.0225;707
1.0235;726
1.0245;601
1.0255;631
1.0265;652
1.0275;603
1.0285;667
1.0295;620
1.0305;654
1.0315;726
1.0325;688
1.0335;667
1.0345;658
1.0355;684
1.0365;710
1.0375;655
1.0385;660
1.0395;641
1.0405;708
1.0415;684
1.0425;715
1.0435;663
1.0445;660
1.0455;650
1.0465;683
1.0475;702
1.0485;644
1.0495;692
1.0505;683
1.0515;670
1.0525;644
1.0535;679
1.0545;671
1.0555;684
1.0565;665
1.0575;659
1.0585;694
1.0595;687
1.0605;666
1.0615;699
1.0625;685
1.0635;701
1.0645;695
1.0655;681
1.0665;728
1.0675;681
1.0685;677
1.0695;685
1.0705;691
1.0715;669
1.0725;642
1.0735;703
1.0745;681
1.0755;685
1.0765;710
1.0775;728
1.0785;646
1.0795;705
1.0805;686
1.0815;684
1.0825;734
1.0835;710
1.0845;748
1.0855;690
1.0865;665
1.0875;669
1.0885;691
1.0895;726
1.0905;679
1.0915;729
1.0925;716
1.0935;706
1.0945;658
1.0955;692
1.0965;657
1.0975;718
1.0985;696
1.0995;715
1.1005;678
1.1015;721
1.1025;673
1.1035;724
1.1045;736
1.1055;653
1.1065;697
1.1075;738
1.1085;694
1.1095;700
1.1105;689
1.1115;707
1.1125;685
1.1135;718
1.1145;740
1.1155;708
1.1165;724
1.1175;726
1.1185;694
1.1195;741
1.1205;708
1.1215;697
1.1225;675
1.1235;710
1.1245;693
1.1255;713
1.1265;714
1.1275;806
1.1285;715
1.1295;690
1.1305;710
1.1315;806
1.1325;739
1.1335;680
1.1345;727
1.1355;713
1.1365;705
1.1375;755
1.1385;687
1.1395;756
1.1405;759
1.1415;717
1.1425;724
1.1435;709
1.1445;664
1.1455;749
1.1465;661
1.1475;724
1.1485;702
1.1495;743
1.1505;674
1.1515;784
1.1525;746
1.1535;677
1.1545;683
1.1555;704
1.1565;727
1.1575;699
1.1585;695
1.1595;658
1.1605;768
1.1615;737
1.1625;692
1.1635;703
1.1645;706
1.1655;719
1.1665;676
1.1675;733
1.1685;697
1.1695;758
1.1705;696
1.1715;715
1.1725;720
1.1735;742
1.1745;703
1.1755;766
1.1765;720
1.1775;727
1.1785;750
1.1795;715
1.1805;672
1.1815;692
1.1825;710
1.1835;727
1.1845;733
1.1855;698
1.1865;708
1.1875;752
1.1885;785
1.1895;768
1.1905;717
1.1915;767
1.1925;709
1.1935;765
1.1945;722
1.1955;685
1.1965;718
1.1975;702
1.1985;754
1.1995;727
1.2005;754
1.2015;702
1.2025;759
1.2035;744
1.2045;694
1.2055;713
1.2065;714
1.2075;741
1.2085;746
1.2095;704
1.2105;742
1.2115;751
1.2125;761
1.2135;698
1.2145;743
1.2155;732
1.2165;733
1.2175;688
1.2185;727
1.2195;713
1.2205;723
1.2215;757
1.2225;748
1.2235;758
1.2245;704
1.2255;709
1.2265;695
1.2275;708
1.2285;725
1.2295;703
1.2305;745
1.2315;726
1.2325;766
1.2335;670
1.2345;713
1.2355;736
1.2365;704
1.2375;710
1.2385;735
1.2395;701
1.2405;754
1.2415;720
1.2425;721
1.2435;714
1.2445;784
1.2455;741
1.2465;721
1.2475;753
1.2485;735
1.2495;731
1.2505;752
1.2515;721
1.2525;740
1.2535;684
1.2545;740
1.2555;728
1.2565;761
1.2575;740
1.2585;766
1.2595;767
1.2605;698
1.2615;692
1.2625;687
1.2635;743
1.2645;700
1.2655;729
1.2665;766
1.2675;763
1.2685;749
1.2695;813
1.2705;725
1.2715;762
1.2725;705
1.2735;698
1.2745;752
1.2755;793
1.2765;762
1.2775;739
1.2785;742
1.2795;756
1.2805;742
1.2815;723
1.2825;724
1.2835;752
1.2845;801
1.2855;767
1.2865;763
1.2875;814
1.2885;773
1.2895;767
1.2905;784
1.2915;751
1.2925;760
1.2935;784
1.2945;752
1.2955;741
1.2965;742
1.2975;706
1.2985;734
1.2995;769
1.3005;746
1.3015;765
1.3025;786
1.3035;758
1.3045;713
1.3055;762
1.3065;801
1.3075;818
1.3085;773
1.3095;774
1.3105;828
1.3115;801
1.3125;763
1.3135;779
1.3145;816
1.3155;788
1.3165;793
1.3175;771
1.3185;787
1.3195;794
1.3205;754
1.3215;788
1.3225;814
1.3235;815
1.3245;840
1.3255;813
1.3265;752
1.3275;745
1.3285;766
1.3295;805
1.3305;816
1.3315;796
1.3325;830
1.3335;854
1.3345;820
1.3355;826
1.3365;762
1.3375;838
1.3385;827
1.3395;764
1.3405;796
1.3415;839
1.3425;814
1.3435;848
1.3445;791
1.3455;830
1.3465;851
1.3475;797
1.3485;760
1.3495;816
1.3505;806
1.3515;765
1.3525;825
1.3535;822
1.3545;803
1.3555;848
1.3565;879
1.3575;840
1.3585;871
1.3595;866
1.3605;830
1.3615;857
1.3625;809
1.3635;849
1.3645;877
1.3655;832
1.3665;818
1.3675;841
1.3685;872
1.3695;843
1.3705;823
1.3715;880
1.3725;821
1.3735;829
1.3745;877
1.3755;828
1.3765;863
1.3775;868
1.3785;881
1.3795;930
1.3805;907
1.3815;887
1.3825;941
1.3835;830
1.3845;898
1.3855;858
1.3865;844
1.3875;874
1.3885;872
1.3895;913
1.3905;877
1.3915;840
1.3925;875
1.3935;885
1.3945;844
1.3955;907
1.3965;872
1.3975;880
1.3985;913
1.3995;955
1.4005;830
1.4015;878
1.4025;917
1.4035;845
1.4045;919
1.4055;891
1.4065;919
1.4075;888
1.4085;889
1.4095;946
1.4105;961
1.4115;884
1.4125;868
1.4135;970
1.4145;891
1.4155;907
1.4165;903
1.4175;966
1.4185;901
1.4195;913
1.4205;874
1.4215;939
1.4225;993
1.4235;1004
1.4245;948
1.4255;888
1.4265;917
1.4275;935
1.4285;970
1.4295;988
1.4305;935
1.4315;966
1.4325;936
1.4335;964
1.4345;999
1.4355;1010
1.4365;955
1.4375;954
1.4385;969
1.4395;956
1.4405;974
1.4415;1010
1.4425;965
1.4435;983
1.4445;972
1.4455;1040
1.4465;991
1.4475;1007
1.4485;985
1.4495;987
1.4505;950
1.4515;1034
1.4525;962
1.4535;1017
1.4545;980
1.4555;1025
1.4565;1036
1.4575;987
1.4585;1000
1.4595;1010
1.4605;1010
1.4615;1025
1.4625;1048
1.4635;1012
1.4645;1068
1.4655;998
1.4665;1027
1.4675;997
1.4685;1067
1.4695;1041
1.4705;967
1.4715;1060
1.4725;860
1.4735;771
1.4745;745
1.4755;705
1.4765;666
1.4775;665
1.4785;615
1.4795;680
1.4805;595
1.4815;655
1.4825;688
1.4835;628
1.4845;629
1.4855;670
1.4865;688
1.4875;578
1.4885;687
1.4895;688
1.4905;701
1.4915;670
1.4925;592
1.4935;680
1.4945;722
1.4955;616
1.4965;607
1.4975;663
1.4985;648
1.4995;656
1.5005;702
1.5015;691
1.5025;676
1.5035;686
1.5045;729
1.5055;677
1.5065;647
1.5075;672
1.5085;644
1.5095;691
1.5105;691
1.5115;648
1.5125;727
1.5135;712
1.5145;710
1.5155;730
1.5165;718
1.5175;680
1.5185;688
1.5195;682
1.5205;686
1.5215;696
1.5225;697
1.5235;750
1.5245;739
1.5255;690
1.5265;746
1.5275;711
1.5285;731
1.5295;746
1.5305;734
1.5315;682
1.5325;710
1.5335;695
1.5345;797
1.5355;728
1.5365;792
1.5375;735
1.5385;767
1.5395;713
1.5405;737
1.5415;779
1.5425;743
1.5435;772
1.5445;750
1.5455;791
1.5465;763
1.5475;795
1.5485;778
1.5495;767
1.5505;780
1.5515;807
1.5525;748
1.5535;805
1.5545;764
1.5555;826
1.5565;770
1.5575;757
1.5585;733
1.5595;775
1.5605;765
1.5615;821
1.5625;847
1.5635;750
1.5645;818
1.5655;819
1.5665;819
1.5675;858
1.5685;842
1.5695;798
1.5705;884
1.5715;851
1.5725;776
1.5735;876
1.5745;804
1.5755;849
1.5765;814
1.5775;840
1.5785;791
1.5795;856
1.5805;842
1.5815;866
1.5825;851
1.5835;797
1.5845;798
1.5855;835
1.5865;836
1.5875;872
1.5885;831
1.5895;884
1.5905;874
1.5915;888
1.5925;877
1.5935;801
1.5945;817
1.5955;834
1.5965;878
1.5975;840
1.5985;850
1.5995;886
1.6005;852
1.6015;855
1.6025;900
1.6035;897
1.6045;824
1.6055;853
1.6065;885
1.6075;860
1.6085;836
1.6095;914
1.6105;793
1.6115;833
1.6125;876
1.6135;886
1.6145;906
1.6155;879
1.6165;896
1.6175;880
1.6185;854
1.6195;845
1.6205;905
1.6215;899
1.6225;927
1.6235;964
1.6245;916
1.6255;864
1.6265;898
1.6275;901
1.6285;932
1.6295;889
1.6305;905
1.6315;924
1.6325;922
1.6335;942
1.6345;870
1.6355;909
1.6365;890
1.6375;913
1.6385;916
1.6395;884
1.6405;918
1.6415;886
1.6425;879
1.6435;847
1.6445;919
1.6455;858
1.6465;896
1.6475;845
1.6485;902
1.6495;890
1.6505;901
1.6515;890
1.6525;926
1.6535;892
1.6545;864
1.6555;864
1.6565;830
1.6575;876
1.6585;923
1.6595;904
1.6605;902
1.6615;958
1.6625;860
1.6635;896
1.6645;837
1.6655;861
1.6665;908
1.6675;826
1.6685;893
1.6695;886
1.6705;861
1.6715;893
1.6725;876
1.6735;845
1.6745;877
1.6755;911
1.6765;899
1.6775;886
1.6785;887
1.6795;924
1.6805;943
1.6815;874
1.6825;837
1.6835;857
1.6845;859
1.6855;884
1.6865;876
1.6875;927
1.6885;893
1.6895;848
1.6905;870
1.6915;911
1.6925;918
1.6935;903
1.6945;867
1.6955;907
1.6965;887
1.6975;843
1.6985;839
1.6995;906
1.7005;927
1.7015;928
1.7025;863
1.7035;826
1.7045;876
1.7055;883
1.7065;914
1.7075;922
1.7085;879
1.7095;865
1.7105;878
1.7115;872
1.7125;827
1.7135;873
1.7145;864
1.7155;866
1.7165;842
1.7175;857
1.7185;912
1.7195;853
1.7205;906
1.7215;863
1.7225;844
1.7235;866
1.7245;924
1.7255;899
1.7265;829
1.7275;851
1.7285;858
1.7295;862
1.7305;883
1.7315;815
1.7325;877
1.7335;888
1.7345;836
1.7355;923
1.7365;816
1.7375;835
1.7385;864
1.7395;865
1.7405;885
1.7415;849
1.7425;814
1.7435;898
1.7445;823
1.7455;862
1.7465;877
1.7475;815
1.7485;824
1.7495;817
1.7505;810
1.7515;833
1.7525;818
1.7535;900
1.7545;868
1.7555;857
1.7565;843
1.7575;834
1.7585;807
1.7595;793
1.7605;825
1.7615;850
1.7625;869
1.7635;816
1.7645;840
1.7655;872
1.7665;796
1.7675;850
1.7685;821
1.7695;861
1.7705;819
1.7715;906
1.7725;860
1.7735;846
1.7745;824
1.7755;793
1.7765;836
1.7775;808
1.7785;809
1.7795;804
1.7805;741
1.7815;823
1.7825;786
1.7835;802
1.7845;791
1.7855;799
1.7865;787
1.7875;757
1.7885;820
1.7895;808
1.7905;759
1.7915;781
1.7925;764
1.7935;777
1.7945;785
1.7955;840
1.7965;825
1.7975;790
1.7985;827
1.7995;768
1.8005;775
1.8015;808
1.8025;789
1.8035;822
1.8045;815
1.8055;810
1.8065;762
1.8075;751
1.8085;740
1.8095;776
1.8105;781
1.8115;748
1.8125;748
1.8135;794
1.8145;781
1.8155;799
1.8165;735
1.8175;760
1.8185;745
1.8195;789
1.8205;761
1.8215;743
1.8225;760
1.8235;752
1.8245;753
1.8255;752
1.8265;755
1.8275;739
1.8285;752
1.8295;778
1.8305;772
1.8315;751
1.8325;788
1.8335;770
1.8345;739
1.8355;766
1.8365;746
1.8375;774
1.8385;811
1.8395;758
1.8405;775
1.8415;754
1.8425;778
1.8435;798
1.8445;820
1.8455;752
1.8465;798
1.8475;784
1.8485;774
1.8495;765
1.8505;720
1.8515;702
1.8525;776
1.8535;745
1.8545;753
1.8555;760
1.8565;781
1.8575;756
1.8585;736
1.8595;792
1.8605;769
1.8615;759
1.8625;702
1.8635;758
1.8645;736
1.8655;720
1.8665;733
1.8675;749
1.8685;708
1.8695;711
1.8705;703
1.8715;757
1.8725;714
1.8735;707
1.8745;713
1.8755;705
1.8765;688
1.8775;708
1.8785;718
1.8795;741
1.8805;714
1.8815;711
1.8825;668
1.8835;745
1.8845;663
1.8855;669
1.8865;727
1.8875;656
1.8885;702
1.8895;683
1.8905;686
1.8915;715
1.8925;696
1.8935;706
1.8945;662
1.8955;650
1.8965;635
1.8975;646
1.8985;662
1.8995;653
1.9005;627
1.9015;647
1.9025;583
1.9035;675
1.9045;634
1.9055;645
1.9065;631
1.9075;600
1.9085;617
1.9095;622
1.9105;605
1.9115;569
1.9125;585
1.9135;574
1.9145;635
1.9155;602
1.9165;564
1.9175;611
1.9185;605
1.9195;575
1.9205;525
1.9215;584
1.9225;573
1.9235;553
1.9245;550
1.9255;593
1.9265;571
1.9275;560
1.9285;488
1.9295;607
1.9305;594
1.9315;563
1.9325;560
1.9335;537
1.9345;522
1.9355;566
1.9365;522
1.9375;503
1.9385;527
1.9395;487
1.9405;564
1.9415;549
1.9425;544
1.9435;508
1.9445;498
1.9455;519
1.9465;492
1.9475;511
1.9485;492
1.9495;530
1.9505;502
1.9515;479
1.9525;505
1.9535;490
1.9545;504
1.9555;452
1.9565;482
1.9575;454
1.9585;447
1.9595;482
1.9605;469
1.9615;483
1.9625;471
1.9635;474
1.9645;428
1.9655;457
1.9665;449
1.9675;484
1.9685;436
1.9695;421
1.9705;394
1.9715;433
1.9725;474
1.9735;417
1.9745;411
1.9755;409
1.9765;394
1.9775;396
1.9785;416
1.9795;391
1.9805;424
1.9815;368
1.9825;399
1.9835;428
1.9845;386
1.9855;421
1.9865;427
1.9875;347
1.9885;370
1.9895;389
1.9905;371
1.9915;369
1.9925;418
1.9935;358
1.9945;411
1.9955;363
1.9965;352
1.9975;362
1.9985;345
1.9995;358
2.0005;336
2.0015;309
2.0025;332
2.0035;329
2.0045;318
2.0055;327
2.0065;335
2.0075;330
2.0085;347
2.0095;316
2.0105;299
2.0115;304
2.0125;311
2.0135;322
2.0145;305
2.0155;296
2.0165;288
2.0175;314
2.0185;267
2.0195;269
2.0205;282
2.0215;275
2.0225;264
2.0235;306
2.0245;281
2.0255;264
2.0265;309
2.0275;244
2.0285;243
2.0295;279
2.0305;236
2.0315;247
2.0325;244
2.0335;222
2.0345;249
2.0355;223
2.0365;236
2.0375;231
2.0385;207
2.0395;213
2.0405;216
2.0415;225
2.0425;227
2.0435;215
2.0445;217
2.0455;214
2.0465;191
2.0475;215
2.0485;190
2.0495;200
2.0505;181
2.0515;184
2.0525;210
2.0535;171
2.0545;173
2.0555;179
2.0565;170
2.0575;156
2.0585;145
2.0595;155
2.0605;157
2.0615;147
2.0625;149
2.0635;143
2.0645;147
2.0655;131
2.0665;115
2.0675;124
2.0685;108
2.0695;128
2.0705;108
2.0715;101
2.0725;113
2.0735;106
2.0745;94
2.0755;97
2.0765;95
2.0775;89
2.0785;99
2.0795;86
2.0805;79
2.0815;84
2.0825;85
2.0835;88
2.0845;80
2.0855;59
2.0865;64
2.0875;69
2.0885;59
2.0895;71
2.0905;56
2.0915;57
2.0925;50
2.0935;70
2.0945;50
2.0955;61
2.0965;55
2.0975;61
2.0985;39
2.0995;64
2.1005;49
2.1015;69
2.1025;56
2.1035;56
2.1045;63
2.1055;61
2.1065;70
2.1075;60
2.1085;58
2.1095;63
2.1105;51
2.1115;62
2.1125;52
2.1135;58
2.1145;51
2.1155;50
2.1165;39
2.1175;51
2.1185;53
2.1195;75
2.1205;44
2.1215;37
2.1225;70
2.1235;48
2.1245;44
2.1255;59
2.1265;50
2.1275;52
2.1285;62
2.1295;48
2.1305;49
2.1315;47
2.1325;62
2.1335;47
2.1345;48
2.1355;65
2.1365;55
2.1375;56
2.1385;49
2.1395;57
2.1405;60
2.1415;45
2.1425;56
2.1435;47
2.1445;48
2.1455;40
2.1465;54
2.1475;58
2.1485;44
2.1495;48
2.1505;43
2.1515;66
2.1525;51
2.1535;53
2.1545;43
2.1555;50
2.1565;55
2.1575;45
2.1585;46
2.1595;45
2.1605;46
2.1615;56
2.1625;48
2.1635;52
2.1645;48
2.1655;49
2.1665;44
2.1675;52
2.1685;42
2.1695;55
2.1705;54
2.1715;54
2.1725;48
2.1735;46
2.1745;51
2.1755;59
2.1765;55
2.1775;53
2.1785;39
2.1795;49
2.1805;40
2.1815;47
2.1825;49
2.1835;46
2.1845;41
2.1855;44
2.1865;37
2.1875;39
2.1885;49
2.1895;46
2.1905;51
2.1915;46
2.1925;35
2.1935;48
2.1945;37
2.1955;46
2.1965;48
2.1975;42
2.1985;38
2.1995;43
2.2005;37
2.2015;46
2.2025;31
2.2035;47
2.2045;49
2.2055;44
2.2065;43
2.2075;57
2.2085;29
2.2095;56
2.2105;40
2.2115;49
2.2125;41
2.2135;51
2.2145;43
2.2155;36
2.2165;49
2.2175;34
2.2185;41
2.2195;31
2.2205;45
2.2215;38
2.2225;46
2.2235;48
2.2245;49
2.2255;51
2.2265;35
2.2275;46
2.2285;47
2.2295;37
2.2305;26
2.2315;48
2.2325;42
2.2335;29
2.2345;38
2.2355;35
2.2365;45
2.2375;28
2.2385;36
2.2395;39
2.2405;33
2.2415;46
2.2425;35
2.2435;37
2.2445;33
2.2455;49
2.2465;35
2.2475;30
2.2485;41
2.2495;44
2.2505;47
2.2515;32
2.2525;28
2.2535;44
2.2545;28
2.2555;29
2.2565;37
2.2575;51
2.2585;49
2.2595;39
2.2605;45
2.2615;34
2.2625;36
2.2635;36
2.2645;31
2.2655;33
2.2665;43
2.2675;43
2.2685;33
2.2695;36
2.2705;40
2.2715;36
2.2725;37
2.2735;41
2.2745;32
2.2755;38
2.2765;39
2.2775;32
2.2785;39
2.2795;35
2.2805;30
2.2815;49
2.2825;27
2.2835;42
2.2845;39
2.2855;30
2.2865;36
2.2875;38
2.2885;38
2.2895;34
2.2905;34
2.2915;38
2.2925;30
2.2935;38
2.2945;24
2.2955;27
2.2965;29
2.2975;20
2.2985;27
2.2995;33
2.3005;24
2.3015;36
2.3025;30
2.3035;29
2.3045;21
2.3055;24
2.3065;22
2.3075;28
2.3085;27
2.3095;31
2.3105;32
2.3115;23
2.3125;23
2.3135;21
2.3145;28
2.3155;31
2.3165;22
2.3175;25
2.3185;15
2.3195;18
2.3205;34
2.3215;29
2.3225;34
2.3235;29
2.3245;23
2.3255;31
2.3265;27
2.3275;23
2.3285;35
2.3295;28
2.3305;28
2.3315;17
2.3325;25
2.3335;24
2.3345;22
2.3355;23
2.3365;27
2.3375;19
2.3385;16
2.3395;19
2.3405;34
2.3415;31
2.3425;20
2.3435;32
2.3445;19
2.3455;22
2.3465;32
2.3475;23
2.3485;29
2.3495;21
2.3505;24
2.3515;25
2.3525;23
2.3535;22
2.3545;30
2.3555;28
2.3565;20
2.3575;21
2.3585;21
2.3595;28
2.3605;32
2.3615;21
2.3625;23
2.3635;19
2.3645;17
2.3655;23
2.3665;21
2.3675;23
2.3685;23
2.3695;23
2.3705;18
2.3715;18
2.3725;34
2.3735;33
2.3745;18
2.3755;20
2.3765;20
2.3775;15
2.3785;16
2.3795;21
2.3805;18
2.3815;22
2.3825;17
2.3835;16
2.3845;26
2.3855;28
2.3865;23
2.3875;16
2.3885;16
2.3895;27
2.3905;20
2.3915;18
2.3925;18
2.3935;24
2.3945;20
2.3955;20
2.3965;17
2.3975;25
2.3985;17
2.3995;21
2.4005;20
2.4015;23
2.4025;23
2.4035;19
2.4045;21
2.4055;14
2.4065;16
2.4075;21
2.4085;17
2.4095;20
2.4105;19
2.4115;18
2.4125;22
2.4135;23
2.4145;16
2.4155;12
2.4165;22
2.4175;20
2.4185;17
2.4195;11
2.4205;16
2.4215;22
2.4225;13
2.4235;26
2.4245;15
2.4255;21
2.4265;17
2.4275;20
2.4285;23
2.4295;16
2.4305;24
2.4315;17
2.4325;10
2.4335;13
2.4345;18
2.4355;13
2.4365;15
2.4375;22
2.4385;20
2.4395;11
2.4405;16
2.4415;12
2.4425;9
2.4435;16
2.4445;8
2.4455;16
2.4465;16
2.4475;12
2.4485;15
2.4495;16
2.4505;7
2.4515;9
2.4525;13
2.4535;9
2.4545;12
2.4555;15
2.4565;25
2.4575;14
2.4585;16
2.4595;18
2.4605;12
2.4615;17
2.4625;13
2.4635;12
2.4645;18
2.4655;8
2.4665;10
2.4675;10
2.4685;14
2.4695;16
2.4705;7
2.4715;10
2.4725;18
2.4735;19
2.4745;10
2.4755;21
2.4765;15
2.4775;8
2.4785;16
2.4795;13
2.4805;17
2.4815;14
2.4825;16
2.4835;10
2.4845;14
2.4855;14
2.4865;10
2.4875;12
2.4885;11
2.4895;15
2.4905;20
2.4915;14
2.4925;9
2.4935;9
2.4945;16
2.4955;12
2.4965;12
2.4975;12
2.4985;10
2.4995;13
2.5005;11
2.5015;11
2.5025;14
2.5035;6
2.5045;10
2.5055;12
2.5065;14
2.5075;9
2.5085;16
2.5095;6
2.5105;3
2.5115;10
2.5125;9
2.5135;10
2.5145;7
2.5155;12
2.5165;15
2.5175;14
2.5185;9
2.5195;9
2.5205;5
2.5215;7
2.5225;7
2.5235;6
2.5245;8
2.5255;13
2.5265;5
2.5275;6
2.5285;11
2.5295;10
2.5305;8
2.5315;7
2.5325;11
2.5335;4
2.5345;7
2.5355;8
2.5365;4
2.5375;11
2.5385;5
2.5395;7
2.5405;3
2.5415;3
2.5425;9
2.5435;3
2.5445;9
2.5455;12
2.5465;4
2.5475;1
2.5485;5
2.5495;3
2.5505;4
2.5515;5
2.5525;6
2.5535;4
2.5545;9
2.5555;1
2.5565;3
2.5575;6
2.5585;2
2.5595;2
2.5605;3
2.5615;1
2.5625;4
2.5635;2
2.5645;3
2.5655;2
2.5665;2
2.5675;3
2.5685;5
2.5695;3
2.5705;4
2.5715;1
2.5725;3
2.5735;2
2.5745;2
2.5755;1
2.5765;2
2.5775;2
2.5785;1
2.5795;0
2.5805;0
2.5815;4
2.5825;1
2.5835;1
2.5845;2
2.5855;0
2.5865;0
2.5875;0
2.5885;0
2.5895;1
2.5905;0
2.5915;0
2.5925;0
2.5935;1
2.5945;0
2.5955;0
2.5965;0
2.5975;0
2.5985;0
2.5995;2
2.6005;0
2.6015;0
2.6025;1
2.6035;1
2.6045;0
2.6055;0
2.6065;1
2.6075;0
2.6085;0
2.6095;0
2.6105;0
2.6115;0
2.6125;1
2.6135;1
2.6145;2
2.6155;0
2.6165;2
2.6175;0
2.6185;0
2.6195;0
2.6205;0
2.6215;0
2.6225;1
2.6235;0
2.6245;0
2.6255;0
2.6265;0
2.6275;0
2.6285;0
2.6295;0
2.6305;0
2.6315;0
2.6325;0
2.6335;3
2.6345;1
2.6355;0
2.6365;0
2.6375;1
2.6385;0
2.6395;0
2.6405;0
2.6415;0
2.6425;1
2.6435;0
2.6445;0
2.6455;0
2.6465;0
2.6475;0
2.6485;0
2.6495;0
2.6505;0
2.6515;0
2.6525;0
2.6535;0
2.6545;0
2.6555;0
2.6565;0
2.6575;0
2.6585;0
2.6595;0
2.6605;0
2.6615;0
2.6625;0
2.6635;0
2.6645;0
2.6655;0
2.6665;0
2.6675;0
2.6685;0
2.6695;0
2.6705;1
2.6715;0
2.6725;0
2.6735;1
2.6745;0
2.6755;0
2.6765;0
2.6775;0
2.6785;0
2.6795;0
2.6805;0
2.6815;0
2.6825;1
2.6835;0
2.6845;0
2.6855;0
2.6865;0
2.6875;1
2.6885;0
2.6895;0
2.6905;0
2.6915;0
2.6925;0
2.6935;0
2.6945;0
2.6955;0
2.6965;0
2.6975;0
2.6985;0
2.6995;0
2.7005;0
2.7015;0
2.7025;0
2.7035;0
2.7045;0
2.7055;0
2.7065;0
2.7075;0
2.7085;0
2.7095;0
2.7105;0
2.7115;0
2.7125;0
2.7135;0
2.7145;0
2.7155;0
2.7165;0
2.7175;0
2.7185;0
2.7195;0
2.7205;0
2.7215;0
2.7225;0
2.7235;0
2.7245;0
2.7255;0
2.7265;0
2.7275;0
2.7285;0
2.7295;0
2.7305;0
2.7315;0
2.7325;0
2.7335;0
2.7345;0
2.7355;0
2.7365;0
2.7375;0
2.7385;0
2.7395;0
2.7405;0
2.7415;0
2.7425;0
2.7435;0
2.7445;0
2.7455;0
2.7465;0
2.7475;0
2.7485;0
2.7495;0
2.7505;0
2.7515;0
2.7525;0
2.7535;0
2.7545;0
2.7555;0
2.7565;0
2.7575;0
2.7585;0
2.7595;0
2.7605;0
2.7615;0
2.7625;0
2.7635;0
2.7645;0
2.7655;0
2.7665;0
2.7675;0
2.7685;0
2.7695;0
2.7705;0
2.7715;0
2.7725;0
2.7735;0
2.7745;0
2.7755;0
2.7765;0
2.7775;0
2.7785;0
2.7795;0
2.7805;0
2.7815;0
2.7825;0
2.7835;0
2.7845;0
2.7855;0
2.7865;0
2.7875;0
2.7885;0
2.7895;0
2.7905;0
2.7915;0
2.7925;0
2.7935;0
2.7945;0
2.7955;0
2.7965;0
2.7975;0
2.7985;0
2.7995;0
2.8005;0
2.8015;0
2.8025;0
2.8035;0
2.8045;0
2.8055;0
2.8065;0
2.8075;0
2.8085;0
2.8095;0
2.8105;0
2.8115;0
2.8125;0
2.8135;0
2.8145;0
2.8155;0
2.8165;0
2.8175;0
2.8185;0
2.8195;0
2.8205;0
2.8215;0
2.8225;0
2.8235;0
2.8245;0
2.8255;0
2.8265;0
2.8275;0
2.8285;0
2.8295;0
2.8305;0
2.8315;0
2.8325;0
2.8335;0
2.8345;0
2.8355;0
2.8365;0
2.8375;0
2.8385;0
2.8395;0
2.8405;0
2.8415;0
2.8425;0
2.8435;0
2.8445;0
2.8455;0
2.8465;0
2.8475;0
2.8485;0
2.8495;0
2.8505;0
2.8515;0
2.8525;0
2.8535;0
2.8545;0
2.8555;0
2.8565;0
2.8575;0
2.8585;0
2.8595;0
2.8605;0
2.8615;0
2.8625;0
2.8635;0
2.8645;0
2.8655;0
2.8665;0
2.8675;0
2.8685;0
2.8695;0
2.8705;0
2.8715;0
2.8725;0
2.8735;0
2.8745;0
2.8755;0
2.8765;0
2.8775;0
2.8785;0
2.8795;0
2.8805;0
2.8815;0
2.8825;0
2.8835;0
2.8845;0
2.8855;0
2.8865;0
2.8875;0
2.8885;0
2.8895;0
2.8905;0
2.8915;0
2.8925;0
2.8935;0
2.8945;0
2.8955;0
2.8965;0
2.8975;0
2.8985;0
2.8995;0
2.9005;0
2.9015;0
2.9025;0
2.9035;0
2.9045;0
2.9055;0
2.9065;0
2.9075;0
2.9085;0
2.9095;0
2.9105;0
2.9115;0
2.9125;0
2.9135;0
2.9145;0
2.9155;0
2.9165;0
2.9175;0
2.9185;0
2.9195;0
2.9205;0
2.9215;0
2.9225;0
2.9235;0
2.9245;0
2.9255;0
2.9265;0
2.9275;0
2.9285;0
2.9295;0
2.9305;0
2.9315;0
2.9325;0
2.9335;0
2.9345;0
2.9355;0
2.9365;0
2.9375;0
2.9385;0
2.9395;0
2.9405;0
2.9415;0
2.9425;0
2.9435;0
2.9445;0
2.9455;0
2.9465;0
2.9475;0
2.9485;0
2.9495;0
2.9505;0
2.9515;0
2.9525;0
2.9535;0
2.9545;0
2.9555;0
2.9565;0
2.9575;0
2.9585;0
2.9595;0
2.9605;0
2.9615;0
2.9625;0
2.9635;0
2.9645;0
2.9655;0
2.9665;0
2.9675;0
2.9685;0
2.9695;0
2.9705;0
2.9715;0
2.9725;0
2.9735;0
2.9745;0
2.9755;0
2.9765;0
2.9775;0
2.9785;0
2.9795;0
2.9805;0
2.9815;0
2.9825;0
2.9835;0
2.9845;0
2.9855;0
2.9865;0
2.9875;0
2.9885;0
2.9895;0
2.9905;0
2.9915;0
2.9925;0
2.9935;0
2.9945;0
2.9955;0
2.9965;0
2.9975;0
2.9985;0
2.9995;0
3.0005;0
3.0015;0
3.0025;0
3.0035;0
3.0045;0
3.0055;0
3.0065;0
3.0075;0
3.0085;0
3.0095;0
3.0105;0
3.0115;0
3.0125;0
3.0135;0
3.0145;0
3.0155;0
3.0165;0
3.0175;0
3.0185;0
3.0195;0
3.0205;0
3.0215;0
3.0225;0
3.0235;0
3.0245;0
3.0255;0
3.0265;0
3.0275;0
3.0285;0
3.0295;0
3.0305;0
3.0315;0
3.0325;0
3.0335;0
3.0345;0
3.0355;0
3.0365;0
3.0375;0
3.0385;0
3.0395;0
3.0405;0
3.0415;0
3.0425;0
3.0435;0
3.0445;0
3.0455;0
3.0465;0
3.0475;0
3.0485;0
3.0495;0
3.0505;0
3.0515;0
3.0525;0
3.0535;0
3.0545;0
3.0555;0
3.0565;0
3.0575;0
3.0585;0
3.0595;0
3.0605;0
3.0615;0
3.0625;0
3.0635;0
3.0645;0
3.0655;0
3.0665;0
3.0675;0
3.0685;0
3.0695;0
3.0705;0
3.0715;0
3.0725;0
3.0735;0
3.0745;0
3.0755;0
3.0765;0
3.0775;0
3.0785;0
3.0795;0
3.0805;0
3.0815;0
3.0825;0
3.0835;0
3.0845;0
3.0855;0
3.0865;0
3.0875;0
3.0885;0
3.0895;0
3.0905;0
3.0915;0
3.0925;0
3.0935;0
3.0945;0
3.0955;0
3.0965;0
3.0975;0
3.0985;0
3.0995;0
3.1005;0
3.1015;0
3.1025;0
3.1035;0
3.1045;0
3.1055;0
3.1065;0
3.1075;0
3.1085;0
3.1095;0
3.1105;0
3.1115;0
3.1125;0
3.1135;0
3.1145;0
3.1155;0
3.1165;0
3.1175;0
3.1185;0
3.1195;0
3.1205;0
3.1215;0
3.1225;0
3.1235;0
3.1245;0
3.1255;0
3.1265;0
3.1275;0
3.1285;0
3.1295;0
3.1305;0
3.1315;0
3.1325;0
3.1335;0
3.1345;0
3.1355;0
3.1365;0
3.1375;0
3.1385;0
3.1395;0
3.1405;0
3.1415;0
3.1425;0
3.1435;0
3.1445;0
3.1455;0
3.1465;0
3.1475;0
3.1485;0
3.1495;0
3.1505;0
3.1515;0
3.1525;0
3.1535;0
3.1545;0
3.1555;0
3.1565;0
3.1575;0
3.1585;0
3.1595;0
3.1605;0
3.1615;0
3.1625;0
3.1635;0
3.1645;0
3.1655;0
3.1665;0
3.1675;0
3.1685;0
3.1695;0
3.1705;0
3.1715;0
3.1725;0
3.1735;0
3.1745;0
3.1755;0
3.1765;0
3.1775;0
3.1785;0
3.1795;0
3.1805;0
3.1815;0
3.1825;0
3.1835;0
3.1845;0
3.1855;0
3.1865;0
3.1875;0
3.1885;0
3.1895;0
3.1905;0
3.1915;0
3.1925;0
3.1935;0
3.1945;0
3.1955;0
3.1965;0
3.1975;0
3.1985;0
3.1995;0
3.2005;0
3.2015;0
3.2025;0
3.2035;0
3.2045;0
3.2055;0
3.2065;0
3.2075;0
3.2085;0
3.2095;0
3.2105;0
3.2115;0
3.2125;0
3.2135;0
3.2145;0
3.2155;0
3.2165;0
3.2175;0
3.2185;0
3.2195;0
3.2205;0
3.2215;0
3.2225;0
3.2235;0
3.2245;0
3.2255;0
3.2265;0
3.2275;0
3.2285;0
3.2295;0
3.2305;0
3.2315;0
3.2325;0
3.2335;0
3.2345;0
3.2355;0
3.2365;0
3.2375;0
3.2385;0
3.2395;0
3.2405;0
3.2415;0
3.2425;0
3.2435;0
3.2445;0
3.2455;0
3.2465;0
3.2475;0
3.2485;0
3.2495;0
3.2505;0
3.2515;0
3.2525;0
3.2535;0
3.2545;0
3.2555;0
3.2565;0
3.2575;0
3.2585;0
3.2595;0
3.2605;0
3.2615;0
3.2625;0
3.2635;0
3.2645;0
3.2655;0
3.2665;0
3.2675;0
3.2685;0
3.2695;0
3.2705;0
3.2715;0
3.2725;0
3.2735;0
3.2745;0
3.2755;0
3.2765;0
3.2775;0
3.2785;0
3.2795;0
3.2805;0
3.2815;0
3.2825;0
3.2835;0
3.2845;0
3.2855;0
3.2865;0
3.2875;0
3.2885;0
3.2895;0
3.2905;0
3.2915;0
3.2925;0
3.2935;0
3.2945;0
3.2955;0
3.2965;0
3.2975;0
3.2985;0
3.2995;0
3.3005;0
3.3015;0
3.3025;0
3.3035;0
3.3045;0
3.3055;0
3.3065;0
3.3075;0
3.3085;0
3.3095;0
3.3105;0
3.3115;0
3.3125;0
3.3135;0
3.3145;0
3.3155;0
3.3165;0
3.3175;0
3.3185;0
3.3195;0
3.3205;0
3.3215;0
3.3225;0
3.3235;0
3.3245;0
3.3255;0
3.3265;0
3.3275;0
3.3285;0
3.3295;0
3.3305;0
3.3315;0
3.3325;0
3.3335;0
3.3345;0
3.3355;0
3.3365;0
3.3375;0
3.3385;0
3.3395;0
3.3405;0
3.3415;0
3.3425;0
3.3435;0
3.3445;0
3.3455;0
3.3465;0
3.3475;0
3.3485;0
3.3495;0
3.3505;0
3.3515;0
3.3525;0
3.3535;0
3.3545;0
3.3555;0
3.3565;0
3.3575;0
3.3585;0
3.3595;0
3.3605;0
3.3615;0
3.3625;0
3.3635;0
3.3645;0
3.3655;0
3.3665;0
3.3675;0
3.3685;0
3.3695;0
3.3705;0
3.3715;0
3.3725;0
3.3735;0
3.3745;0
3.3755;0
3.3765;0
3.3775;0
3.3785;0
3.3795;0
3.3805;0
3.3815;0
3.3825;0
3.3835;0
3.3845;0
3.3855;0
3.3865;0
3.3875;0
3.3885;0
3.3895;0
3.3905;0
3.3915;0
3.3925;0
3.3935;0
3.3945;0
3.3955;0
3.3965;0
3.3975;0
3.3985;0
3.3995;0
3.4005;0
3.4015;0
3.4025;0
3.4035;0
3.4045;0
3.4055;0
3.4065;0
3.4075;0
3.4085;0
3.4095;0
3.4105;0
3.4115;0
3.4125;0
3.4135;0
3.4145;0
3.4155;0
3.4165;0
3.4175;0
3.4185;0
3.4195;0
3.4205;0
3.4215;0
3.4225;0
3.4235;0
3.4245;0
3.4255;0
3.4265;0
3.4275;0
3.4285;0
3.4295;0
3.4305;0
3.4315;0
3.4325;0
3.4335;0
3.4345;0
3.4355;0
3.4365;0
3.4375;0
3.4385;0
3.4395;0
3.4405;0
3.4415;0
3.4425;0
3.4435;0
3.4445;0
3.4455;0
3.4465;0
3.4475;0
3.4485;0
3.4495;0
3.4505;0
3.4515;0
3.4525;0
3.4535;0
3.4545;0
3.4555;0
3.4565;0
3.4575;0
3.4585;0
3.4595;0
3.4605;0
3.4615;0
3.4625;0
3.4635;0
3.4645;0
3.4655;0
3.4665;0
3.4675;0
3.4685;0
3.4695;0
3.4705;0
3.4715;0
3.4725;0
3.4735;0
3.4745;0
3.4755;0
3.4765;0
3.4775;0
3.4785;0
3.4795;0
3.4805;0
3.4815;0
3.4825;0
3.4835;0
3.4845;0
3.4855;0
3.4865;0
3.4875;0
3.4885;0
3.4895;0
3.4905;0
3.4915;0
3.4925;0
3.4935;0
3.4945;0
3.4955;0
3.4965;0
3.4975;0
3.4985;0
3.4995;0
3.5005;0
3.5015;0
3.5025;0
3.5035;0
3.5045;0
3.5055;0
3.5065;0
3.5075;0
3.5085;0
3.5095;0
3.5105;0
3.5115;0
3.5125;0
3.5135;0
3.5145;0
3.5155;0
3.5165;0
3.5175;0
3.5185;0
3.5195;0
3.5205;0
3.5215;0
3.5225;0
3.5235;0
3.5245;0
3.5255;0
3.5265;0
3.5275;0
3.5285;0
3.5295;0
3.5305;0
3.5315;0
3.5325;0
3.5335;0
3.5345;0
3.5355;0
3.5365;0
3.5375;0
3.5385;0
3.5395;0
3.5405;0
3.5415;0
3.5425;0
3.5435;0
3.5445;0
3.5455;0
3.5465;0
3.5475;0
3.5485;0
3.5495;0
3.5505;0
3.5515;0
3.5525;0
3.5535;0
3.5545;0
3.5555;0
3.5565;0
3.5575;0
3.5585;0
3.5595;0
3.5605;0
3.5615;0
3.5625;0
3.5635;0
3.5645;0
3.5655;0
3.5665;0
3.5675;0
3.5685;0
3.5695;0
3.5705;0
3.5715;0
3.5725;0
3.5735;0
3.5745;0
3.5755;0
3.5765;0
3.5775;0
3.5785;0
3.5795;0
3.5805;0
3.5815;0
3.5825;0
3.5835;0
3.5845;0
3.5855;0
3.5865;0
3.5875;0
3.5885;0
3.5895;0
3.5905;0
3.5915;0
3.5925;0
3.5935;0
3.5945;0
3.5955;0
3.5965;0
3.5975;0
3.5985;0
3.5995;0
3.6005;0
3.6015;0
3.6025;0
3.6035;0
3.6045;0
3.6055;0
3.6065;0
3.6075;0
3.6085;0
3.6095;0
3.6105;0
3.6115;0
3.6125;0
3.6135;0
3.6145;0
3.6155;0
3.6165;0
3.6175;0
3.6185;0
3.6195;0
3.6205;0
3.6215;0
3.6225;0
3.6235;0
3.6245;0
3.6255;0
3.6265;0
3.6275;0
3.6285;0
3.6295;0
3.6305;0
3.6315;0
3.6325;0
3.6335;0
3.6345;0
3.6355;0
3.6365;0
3.6375;0
3.6385;0
3.6395;0
3.6405;0
3.6415;0
3.6425;0
3.6435;0
3.6445;0
3.6455;0
3.6465;0
3.6475;0
3.6485;0
3.6495;0
3.6505;0
3.6515;0
3.6525;0
3.6535;0
3.6545;0
3.6555;0
3.6565;0
3.6575;0
3.6585;0
3.6595;0
3.6605;0
3.6615;0
3.6625;0
3.6635;0
3.6645;0
3.6655;0
3.6665;0
3.6675;0
3.6685;0
3.6695;0
3.6705;0
3.6715;0
3.6725;0
3.6735;0
3.6745;0
3.6755;0
3.6765;0
3.6775;0
3.6785;0
3.6795;0
3.6805;0
3.6815;0
3.6825;0
3.6835;0
3.6845;0
3.6855;0
3.6865;0
3.6875;0
3.6885;0
3.6895;0
3.6905;0
3.6915;0
3.6925;0
3.6935;0
3.6945;0
3.6955;0
3.6965;0
3.6975;0
3.6985;0
3.6995;0
3.7005;0
3.7015;0
3.7025;0
3.7035;0
3.7045;0
3.7055;0
3.7065;0
3.7075;0
3.7085;0
3.7095;0
3.7105;0
3.7115;0
3.7125;0
3.7135;0
3.7145;0
3.7155;0
3.7165;0
3.7175;0
3.7185;0
3.7195;0
3.7205;0
3.7215;0
3.7225;0
3.7235;0
3.7245;0
3.7255;0
3.7265;0
3.7275;0
3.7285;0
3.7295;0
3.7305;0
3.7315;0
3.7325;0
3.7335;0
3.7345;0
3.7355;0
3.7365;0
3.7375;0
3.7385;0
3.7395;0
3.7405;0
3.7415;0
3.7425;0
3.7435;0
3.7445;0
3.7455;0
3.7465;0
3.7475;0
3.7485;0
3.7495;0
3.7505;0
3.7515;0
3.7525;0
3.7535;0
3.7545;0
3.7555;0
3.7565;0
3.7575;0
3.7585;0
3.7595;0
3.7605;0
3.7615;0
3.7625;0
3.7635;0
3.7645;0
3.7655;0
3.7665;0
3.7675;0
3.7685;0
3.7695;0
3.7705;0
3.7715;0
3.7725;0
3.7735;0
3.7745;0
3.7755;0
3.7765;0
3.7775;0
3.7785;0
3.7795;0
3.7805;0
3.7815;0
3.7825;0
3.7835;0
3.7845;0
3.7855;0
3.7865;0
3.7875;0
3.7885;0
3.7895;0
3.7905;0
3.7915;0
3.7925;0
3.7935;0
3.7945;0
3.7955;0
3.7965;0
3.7975;0
3.7985;0
3.7995;0
3.8005;0
3.8015;0
3.8025;0
3.8035;0
3.8045;0
3.8055;0
3.8065;0
3.8075;0
3.8085;0
3.8095;0
3.8105;0
3.8115;0
3.8125;0
3.8135;0
3.8145;0
3.8155;0
3.8165;0
3.8175;0
3.8185;0
3.8195;0
3.8205;0
3.8215;0
3.8225;0
3.8235;0
3.8245;0
3.8255;0
3.8265;0
3.8275;0
3.8285;0
3.8295;0
3.8305;0
3.8315;0
3.8325;0
3.8335;0
3.8345;0
3.8355;0
3.8365;0
3.8375;0
3.8385;0
3.8395;0
3.8405;0
3.8415;0
3.8425;0
3.8435;0
3.8445;0
3.8455;0
3.8465;0
3.8475;0
3.8485;0
3.8495;0
3.8505;0
3.8515;0
3.8525;0
3.8535;0
3.8545;0
3.8555;0
3.8565;0
3.8575;0
3.8585;0
3.8595;0
3.8605;0
3.8615;0
3.8625;0
3.8635;0
3.8645;0
3.8655;0
3.8665;0
3.8675;0
3.8685;0
3.8695;0
3.8705;0
3.8715;0
3.8725;0
3.8735;0
3.8745;0
3.8755;0
3.8765;0
3.8775;0
3.8785;0
3.8795;0
3.8805;0
3.8815;0
3.8825;0
3.8835;0
3.8845;0
3.8855;0
3.8865;0
3.8875;0
3.8885;0
3.8895;0
3.8905;0
3.8915;0
3.8925;0
3.8935;0
3.8945;0
3.8955;0
3.8965;0
3.8975;0
3.8985;0
3.8995;0
3.9005;0
3.9015;0
3.9025;0
3.9035;0
3.9045;0
3.9055;0
3.9065;0
3.9075;0
3.9085;0
3.9095;0
3.9105;0
3.9115;0
3.9125;0
3.9135;0
3.9145;0
3.9155;0
3.9165;0
3.9175;0
3.9185;0
3.9195;0
3.9205;0
3.9215;0
3.9225;0
3.9235;0
3.9245;0
3.9255;0
3.9265;0
3.9275;0
3.9285;0
3.9295;0
3.9305;0
3.9315;0
3.9325;0
3.9335;0
3.9345;0
3.9355;0
3.9365;0
3.9375;0
3.9385;0
3.9395;0
3.9405;0
3.9415;0
3.9425;0
3.9435;0
3.9445;0
3.9455;0
3.9465;0
3.9475;0
3.9485;0
3.9495;0
3.9505;0
3.9515;0
3.9525;0
3.9535;0
3.9545;0
3.9555;0
3.9565;0
3.9575;0
3.9585;0
3.9595;0
3.9605;0
3.9615;0
3.9625;0
3.9635;0
3.9645;0
3.9655;0
3.9665;0
3.9675;0
3.9685;0
3.9695;0
3.9705;0
3.9715;0
3.9725;0
3.9735;0
3.9745;0
3.9755;0
3.9765;0
3.9775;0
3.9785;0
3.9795;0
3.9805;0
3.9815;0
3.9825;0
3.9835;0
3.9845;0
3.9855;0
3.9865;0
3.9875;0
3.9885;0
3.9895;0
3.9905;0
3.9915;0
3.9925;0
3.9935;0
3.9945;0
3.9955;0
3.9965;0
3.9975;0
3.9985;0
3.9995;0
4.0005;0
4.0015;0
4.0025;0
4.0035;0
4.0045;0
4.0055;0
4.0065;0
4.0075;0
4.0085;0
4.0095;0
4.0105;0
4.0115;0
4.0125;0
4.0135;0
4.0145;0
4.0155;0
4.0165;0
4.0175;0
4.0185;0
4.0195;0
4.0205;0
4.0215;0
4.0225;0
4.0235;0
4.0245;0
4.0255;0
4.0265;0
4.0275;0
4.0285;0
4.0295;0
4.0305;0
4.0315;0
4.0325;0
4.0335;0
4.0345;0
4.0355;0
4.0365;0
4.0375;0
4.0385;0
4.0395;0
4.0405;0
4.0415;0
4.0425;0
4.0435;0
4.0445;0
4.0455;0
4.0465;0
4.0475;0
4.0485;0
4.0495;0
4.0505;0
4.0515;0
4.0525;0
4.0535;0
4.0545;0
4.0555;0
4.0565;0
4.0575;0
4.0585;0
4.0595;0
4.0605;0
4.0615;0
4.0625;0
4.0635;0
4.0645;0
4.0655;0
4.0665;0
4.0675;0
4.0685;0
4.0695;0
4.0705;0
4.0715;0
4.0725;0
4.0735;0
4.0745;0
4.0755;0
4.0765;0
4.0775;0
4.0785;0
4.0795;0
4.0805;0
4.0815;0
4.0825;0
4.0835;0
4.0845;0
4.0855;0
4.0865;0
4.0875;0
4.0885;0
4.0895;0
4.0905;0
4.0915;0
4.0925;0
4.0935;0
4.0945;0
4.0955;0
4.0965;0
4.0975;0
4.0985;0
4.0995;0
4.1005;0
4.1015;0
4.1025;0
4.1035;0
4.1045;0
4.1055;0
4.1065;0
4.1075;0
4.1085;0
4.1095;0
4.1105;0
4.1115;0
4.1125;0
4.1135;0
4.1145;0
4.1155;0
4.1165;0
4.1175;0
4.1185;0
4.1195;0
4.1205;0
4.1215;0
4.1225;0
4.1235;0
4.1245;0
4.1255;0
4.1265;0
4.1275;0
4.1285;0
4.1295;0
4.1305;0
4.1315;0
4.1325;0
4.1335;0
4.1345;0
4.1355;0
4.1365;0
4.1375;0
4.1385;0
4.1395;0
4.1405;0
4.1415;0
4.1425;0
4.1435;0
4.1445;0
4.1455;0
4.1465;0
4.1475;0
4.1485;0
4.1495;0
4.1505;0
4.1515;0
4.1525;0
4.1535;0
4.1545;0
4.1555;0
4.1565;0
4.1575;0
4.1585;0
4.1595;0
4.1605;0
4.1615;0
4.1625;0
4.1635;0
4.1645;0
4.1655;0
4.1665;0
4.1675;0
4.1685;0
4.1695;0
4.1705;0
4.1715;0
4.1725;0
4.1735;0
4.1745;0
4.1755;0
4.1765;0
4.1775;0
4.1785;0
4.1795;0
4.1805;0
4.1815;0
4.1825;0
4.1835;0
4.1845;0
4.1855;0
4.1865;0
4.1875;0
4.1885;0
4.1895;0
4.1905;0
4.1915;0
4.1925;0
4.1935;0
4.1945;0
4.1955;0
4.1965;0
4.1975;0
4.1985;0
4.1995;0
4.2005;0
4.2015;0
4.2025;0
4.2035;0
4.2045;0
4.2055;0
4.2065;0
4.2075;0
4.2085;0
4.2095;0
4.2105;0
4.2115;0
4.2125;0
4.2135;0
4.2145;0
4.2155;0
4.2165;0
4.2175;0
4.2185;0
4.2195;0
4.2205;0
4.2215;0
4.2225;0
4.2235;0
4.2245;0
4.2255;0
4.2265;0
4.2275;0
4.2285;0
4.2295;0
4.2305;0
4.2315;0
4.2325;0
4.2335;0
4.2345;0
4.2355;0
4.2365;0
4.2375;0
4.2385;0
4.2395;0
4.2405;0
4.2415;0
4.2425;0
4.2435;0
4.2445;0
4.2455;0
4.2465;0
4.2475;0
4.2485;0
4.2495;0
4.2505;0
4.2515;0
4.2525;0
4.2535;0
4.2545;0
4.2555;0
4.2565;0
4.2575;0
4.2585;0
4.2595;0
4.2605;0
4.2615;0
4.2625;0
4.2635;0
4.2645;0
4.2655;0
4.2665;0
4.2675;0
4.2685;0
4.2695;0
4.2705;0
4.2715;0
4.2725;0
4.2735;0
4.2745;0
4.2755;0
4.2765;0
4.2775;0
4.2785;0
4.2795;0
4.2805;0
4.2815;0
4.2825;0
4.2835;0
4.2845;0
4.2855;0
4.2865;0
4.2875;0
4.2885;0
4.2895;0
4.2905;0
4.2915;0
4.2925;0
4.2935;0
4.2945;0
4.2955;0
4.2965;0
4.2975;0
4.2985;0
4.2995;0
4.3005;0
4.3015;0
4.3025;0
4.3035;0
4.3045;0
4.3055;0
4.3065;0
4.3075;0
4.3085;0
4.3095;0
4.3105;0
4.3115;0
4.3125;0
4.3135;0
4.3145;0
4.3155;0
4.3165;0
4.3175;0
4.3185;0
4.3195;0
4.3205;0
4.3215;0
4.3225;0
4.3235;0
4.3245;0
4.3255;0
4.3265;0
4.3275;0
4.3285;0
4.3295;0
4.3305;0
4.3315;0
4.3325;0
4.3335;0
4.3345;0
4.3355;0
4.3365;0
4.3375;0
4.3385;0
4.3395;0
4.3405;0
4.3415;0
4.3425;0
4.3435;0
4.3445;0
4.3455;0
4.3465;0
4.3475;0
4.3485;0
4.3495;0
4.3505;0
4.3515;0
4.3525;0
4.3535;0
4.3545;0
4.3555;0
4.3565;0
4.3575;0
4.3585;0
4.3595;0
4.3605;0
4.3615;0
4.3625;0
4.3635;0
4.3645;0
4.3655;0
4.3665;0
4.3675;0
4.3685;0
4.3695;0
4.3705;0
4.3715;0
4.3725;0
4.3735;0
4.3745;0
4.3755;0
4.3765;0
4.3775;0
4.3785;0
4.3795;0
4.3805;0
4.3815;0
4.3825;0
4.3835;0
4.3845;0
4.3855;0
4.3865;0
4.3875;0
4.3885;0
4.3895;0
4.3905;0
4.3915;0
4.3925;0
4.3935;0
4.3945;0
4.3955;0
4.3965;0
4.3975;0
4.3985;0
4.3995;0
4.4005;0
4.4015;0
4.4025;0
4.4035;0
4.4045;0
4.4055;0
4.4065;0
4.4075;0
4.4085;0
4.4095;0
4.4105;0
4.4115;0
4.4125;0
4.4135;0
4.4145;0
4.4155;0
4.4165;0
4.4175;0
4.4185;0
4.4195;0
4.4205;0
4.4215;0
4.4225;0
4.4235;0
4.4245;0
4.4255;0
4.4265;0
4.4275;0
4.4285;0
4.4295;0
4.4305;0
4.4315;0
4.4325;0
4.4335;0
4.4345;0
4.4355;0
4.4365;0
4.4375;0
4.4385;0
4.4395;0
4.4405;0
4.4415;0
4.4425;0
4.4435;0
4.4445;0
4.4455;0
4.4465;0
4.4475;0
4.4485;0
4.4495;0
4.4505;0
4.4515;0
4.4525;0
4.4535;0
4.4545;0
4.4555;0
4.4565;0
4.4575;0
4.4585;0
4.4595;0
4.4605;0
4.4615;0
4.4625;0
4.4635;0
4.4645;0
4.4655;0
4.4665;0
4.4675;0
4.4685;0
4.4695;0
4.4705;0
4.4715;0
4.4725;0
4.4735;0
4.4745;0
4.4755;0
4.4765;0
4.4775;0
4.4785;0
4.4795;0
4.4805;0
4.4815;0
4.4825;0
4.4835;0
4.4845;0
4.4855;0
4.4865;0
4.4875;0
4.4885;0
4.4895;0
4.4905;0
4.4915;0
4.4925;0
4.4935;0
4.4945;0
4.4955;0
4.4965;0
4.4975;0
4.4985;0
4.4995;0
4.5005;0
4.5015;0
4.5025;0
4.5035;0
4.5045;0
4.5055;0
4.5065;0
4.5075;0
4.5085;0
4.5095;0
4.5105;0
4.5115;0
4.5125;0
4.5135;0
4.5145;0
4.5155;0
4.5165;0
4.5175;0
4.5185;0
4.5195;0
4.5205;0
4.5215;0
4.5225;0
4.5235;0
4.5245;0
4.5255;0
4.5265;0
4.5275;0
4.5285;0
4.5295;0
4.5305;0
4.5315;0
4.5325;0
4.5335;0
4.5345;0
4.5355;0
4.5365;0
4.5375;0
4.5385;0
4.5395;0
4.5405;0
4.5415;0
4.5425;0
4.5435;0
4.5445;0
4.5455;0
4.5465;0
4.5475;0
4.5485;0
4.5495;0
4.5505;0
4.5515;0
4.5525;0
4.5535;0
4.5545;0
4.5555;0
4.5565;0
4.5575;0
4.5585;0
4.5595;0
4.5605;0
4.5615;0
4.5625;0
4.5635;0
4.5645;0
4.5655;0
4.5665;0
4.5675;0
4.5685;0
4.5695;0
4.5705;0
4.5715;0
4.5725;0
4.5735;0
4.5745;0
4.5755;0
4.5765;0
4.5775;0
4.5785;0
4.5795;0
4.5805;0
4.5815;0
4.5825;0
4.5835;0
4.5845;0
4.5855;0
4.5865;0
4.5875;0
4.5885;0
4.5895;0
4.5905;0
4.5915;0
4.5925;0
4.5935;0
4.5945;0
4.5955;0
4.5965;0
4.5975;0
4.5985;0
4.5995;0
4.6005;0
4.6015;0
4.6025;0
4.6035;0
4.6045;0
4.6055;0
4.6065;0
4.6075;0
4.6085;0
4.6095;0
4.6105;0
4.6115;0
4.6125;0
4.6135;0
4.6145;0
4.6155;0
4.6165;0
4.6175;0
4.6185;0
4.6195;0
4.6205;0
4.6215;0
4.6225;0
4.6235;0
4.6245;0
4.6255;0
4.6265;0
4.6275;0
4.6285;0
4.6295;0
4.6305;0
4.6315;0
4.6325;0
4.6335;0
4.6345;0
4.6355;0
4.6365;0
4.6375;0
4.6385;0
4.6395;0
4.6405;0
4.6415;0
4.6425;0
4.6435;0
4.6445;0
4.6455;0
4.6465;0
4.6475;0
4.6485;0
4.6495;0
4.6505;0
4.6515;0
4.6525;0
4.6535;0
4.6545;0
4.6555;0
4.6565;0
4.6575;0
4.6585;0
4.6595;0
4.6605;0
4.6615;0
4.6625;0
4.6635;0
4.6645;0
4.6655;0
4.6665;0
4.6675;0
4.6685;0
4.6695;0
4.6705;0
4.6715;0
4.6725;0
4.6735;0
4.6745;0
4.6755;0
4.6765;0
4.6775;0
4.6785;0
4.6795;0
4.6805;0
4.6815;0
4.6825;0
4.6835;0
4.6845;0
4.6855;0
4.6865;0
4.6875;0
4.6885;0
4.6895;0
4.6905;0
4.6915;0
4.6925;0
4.6935;0
4.6945;0
4.6955;0
4.6965;0
4.6975;0
4.6985;0
4.6995;0
4.7005;0
4.7015;0
4.7025;0
4.7035;0
4.7045;0
4.7055;0
4.7065;0
4.7075;0
4.7085;0
4.7095;0
4.7105;0
4.7115;0
4.7125;0
4.7135;0
4.7145;0
4.7155;0
4.7165;0
4.7175;0
4.7185;0
4.7195;0
4.7205;0
4.7215;0
4.7225;0
4.7235;0
4.7245;0
4.7255;0
4.7265;0
4.7275;0
4.7285;0
4.7295;0
4.7305;0
4.7315;0
4.7325;0
4.7335;0
4.7345;0
4.7355;0
4.7365;0
4.7375;0
4.7385;0
4.7395;0
4.7405;0
4.7415;0
4.7425;0
4.7435;0
4.7445;0
4.7455;0
4.7465;0
4.7475;0
4.7485;0
4.7495;0
4.7505;0
4.7515;0
4.7525;0
4.7535;0
4.7545;0
4.7555;0
4.7565;0
4.7575;0
4.7585;0
4.7595;0
4.7605;0
4.7615;0
4.7625;0
4.7635;0
4.7645;0
4.7655;0
4.7665;0
4.7675;0
4.7685;0
4.7695;0
4.7705;0
4.7715;0
4.7725;0
4.7735;0
4.7745;0
4.7755;0
4.7765;0
4.7775;0
4.7785;0
4.7795;0
4.7805;0
4.7815;0
4.7825;0
4.7835;0
4.7845;0
4.7855;0
4.7865;0
4.7875;0
4.7885;0
4.7895;0
4.7905;0
4.7915;0
4.7925;0
4.7935;0
4.7945;0
4.7955;0
4.7965;0
4.7975;0
4.7985;0
4.7995;0
4.8005;0
4.8015;0
4.8025;0
4.8035;0
4.8045;0
4.8055;0
4.8065;0
4.8075;0
4.8085;0
4.8095;0
4.8105;0
4.8115;0
4.8125;0
4.8135;0
4.8145;0
4.8155;0
4.8165;0
4.8175;0
4.8185;0
4.8195;0
4.8205;0
4.8215;0
4.8225;0
4.8235;0
4.8245;0
4.8255;0
4.8265;0
4.8275;0
4.8285;0
4.8295;0
4.8305;0
4.8315;0
4.8325;0
4.8335;0
4.8345;0
4.8355;0
4.8365;0
4.8375;0
4.8385;0
4.8395;0
4.8405;0
4.8415;0
4.8425;0
4.8435;0
4.8445;0
4.8455;0
4.8465;0
4.8475;0
4.8485;0
4.8495;0
4.8505;0
4.8515;0
4.8525;0
4.8535;0
4.8545;0
4.8555;0
4.8565;0
4.8575;0
4.8585;0
4.8595;0
4.8605;0
4.8615;0
4.8625;0
4.8635;0
4.8645;0
4.8655;0
4.8665;0
4.8675;0
4.8685;0
4.8695;0
4.8705;0
4.8715;0
4.8725;0
4.8735;0
4.8745;0
4.8755;0
4.8765;0
4.8775;0
4.8785;0
4.8795;0
4.8805;0
4.8815;0
4.8825;0
4.8835;0
4.8845;0
4.8855;0
4.8865;0
4.8875;0
4.8885;0
4.8895;0
4.8905;0
4.8915;0
4.8925;0
4.8935;0
4.8945;0
4.8955;0
4.8965;0
4.8975;0
4.8985;0
4.8995;0
4.9005;0
4.9015;0
4.9025;0
4.9035;0
4.9045;0
4.9055;0
4.9065;0
4.9075;0
4.9085;0
4.9095;0
4.9105;0
4.9115;0
4.9125;0
4.9135;0
4.9145;0
4.9155;0
4.9165;0
4.9175;0
4.9185;0
4.9195;0
4.9205;0
4.9215;0
4.9225;0
4.9235;0
4.9245;0
4.9255;0
4.9265;0
4.9275;0
4.9285;0
4.9295;0
4.9305;0
4.9315;0
4.9325;0
4.9335;0
4.9345;0
4.9355;0
4.9365;0
4.9375;0
4.9385;0
4.9395;0
4.9405;0
4.9415;0
4.9425;0
4.9435;0
4.9445;0
4.9455;0
4.9465;0
4.9475;0
4.9485;0
4.9495;0
4.9505;0
4.9515;0
4.9525;0
4.9535;0
4.9545;0
4.9555;0
4.9565;0
4.9575;0
4.9585;0
4.9595;0
4.9605;0
4.9615;0
4.9625;0
4.9635;0
4.9645;0
4.9655;0
4.9665;0
4.9675;0
4.9685;0
4.9695;0
4.9705;0
4.9715;0
4.9725;0
4.9735;0
4.9745;0
4.9755;0
4.9765;0
4.9775;0
4.9785;0
4.9795;0
4.9805;0
4.9815;0
4.9825;0
4.9835;0
4.9845;0
4.9855;0
4.9865;0
4.9875;0
4.9885;0
4.9895;0
4.9905;0
4.9915;0
4.9925;0
4.9935;0
4.9945;0
4.9955;0
4.9965;0
4.9975;0
4.9985;0
