#energy[MeV];counts
-0.0005;0
0.0005;0
0.0015;0
0.0025;0
0.0035;0
0.0045;0
0.0055;0
0.0065;0
0.0075;0
0.0085;0
0.0095;0
0.0105;0
0.0115;0
0.0125;0
0.0135;0
0.0145;0
0.0155;0
0.0165;0
0.0175;0
0.0185;0
0.0195;0
0.0205;0
0.0215;0
0.0225;0
0.0235;0
0.0245;0
0.0255;0
0.0265;0
0.0275;0
0.0285;0
0.0295;0
0.0305;0
0.0315;0
0.0325;0
0.0335;0
0.0345;0
0.0355;0
0.0365;0
0.0375;0
0.0385;0
0.0395;0
0.0405;0
0.0415;0
0.0425;0
0.0435;0
0.0445;0
0.0455;0
0.0465;0
0.0475;0
0.0485;0
0.0495;0
0.0505;945
0.0515;964
0.0525;969
0.0535;943
0.0545;944
0.0555;980
0.0565;895
0.0575;982
0.0585;988
0.0595;925
0.0605;1005
0.0615;980
0.0625;967
0.0635;951
0.0645;980
0.0655;1004
0.0665;960
0.0675;1034
0.0685;934
0.0695;973
0.0705;1029
0.0715;974
0.0725;989
0.0735;979
0.0745;1004
0.0755;997
0.0765;1026
0.0775;1031
0.0785;1026
0.0795;1017
0.0805;1045
0.0815;1019
0.0825;1020
0.0835;1049
0.0845;1026
0.0855;1044
0.0865;1093
0.0875;997
0.0885;1052
0.0895;1040
0.0905;1007
0.0915;1062
0.0925;995
0.0935;1075
0.0945;1067
0.0955;1090
0.0965;1059
0.0975;1085
0.0985;1073
0.0995;1096
0.1005;1052
0.1015;1012
0.1025;1150
0.1035;1093
0.1045;1112
0.1055;1113
0.1065;1073
0.1075;1104
0.1085;1085
0.1095;1094
0.1105;1145
0.1115;1117
0.1125;1162
0.1135;1141
0.1145;1169
0.1155;1135
0.1165;1177
0.1175;1096
0.1185;1175
0.1195;1210
0.1205;1163
0.1215;1084
0.1225;1151
0.1235;1209
0.1245;1142
0.1255;1182
0.1265;1179
0.1275;1178
0.1285;1214
0.1295;1205
0.1305;1209
0.1315;1239
0.1325;1151
0.1335;1137
0.1345;1300
0.1355;1236
0.1365;1298
0.1375;1233
0.1385;1210
0.1395;1308
0.1405;1281
0.1415;1254
0.1425;1282
0.1435;1258
0.1445;1251
0.1455;1293
0.1465;1270
0.1475;1312
0.1485;1288
0.1495;1327
0.1505;1299
0.1515;1311
0.1525;1328
0.1535;1309
0.1545;1331
0.1555;1393
0.1565;1314
0.1575;1314
0.1585;1304
0.1595;1370
0.1605;1346
0.1615;1429
0.1625;1394
0.1635;1385
0.1645;1347
0.1655;1345
0.1665;1366
0.1675;1438
0.1685;1398
0.1695;1452
0.1705;1470
0.1715;1440
0.1725;1415
0.1735;1407
0.1745;1532
0.1755;1477
0.1765;1439
0.1775;1522
0.1785;1425
0.1795;1479
0.1805;1468
0.1815;1533
0.1825;1455
0.1835;1515
0.1845;1568
0.1855;1511
0.1865;1561
0.1875;1559
0.1885;1558
0.1895;1622
0.1905;1578
0.1915;1556
0.1925;1545
0.1935;1561
0.1945;1613
0.1955;1582
0.1965;1594
0.1975;1490
0.1985;1705
0.1995;1631
0.2005;1671
0.2015;1633
0.2025;1624
0.2035;1698
0.2045;1620
0.2055;1647
0.2065;1729
0.2075;1590
0.2085;1712
0.2095;1637
0.2105;1715
0.2115;1689
0.2125;1678
0.2135;1674
0.2145;1692
0.2155;1705
0.2165;1753
0.2175;1672
0.2185;1708
0.2195;1757
0.2205;1709
0.2215;1728
0.2225;1738
0.2235;1739
0.2245;1750
0.2255;1885
0.2265;1749
0.2275;1740
0.2285;1892
0.2295;1780
0.2305;1762
0.2315;1763
0.2325;1805
0.2335;1834
0.2345;1771
0.2355;1779
0.2365;1770
0.2375;1811
0.2385;1839
0.2395;1861
0.2405;1877
0.2415;1884
0.2425;1800
0.2435;1848
0.2445;1811
0.2455;1802
0.2465;1863
0.2475;1914
0.2485;1797
0.2495;1813
0.2505;1811
0.2515;1855
0.2525;1940
0.2535;1842
0.2545;1788
0.2555;1831
0.2565;1842
0.2575;1844
0.2585;1874
0.2595;1881
0.2605;1874
0.2615;1917
0.2625;1882
0.2635;1813
0.2645;1878
0.2655;1854
0.2665;1882
0.2675;1890
0.2685;1786
0.2695;1868
0.2705;1808
0.2715;1855
0.2725;1845
0.2735;1853
0.2745;1728
0.2755;1945
0.2765;1890
0.2775;1913
0.2785;1881
0.2795;1810
0.2805;1833
0.2815;1855
0.2825;1773
0.2835;1861
0.2845;1874
0.2855;1871
0.2865;1906
0.2875;1860
0.2885;1855
0.2895;1855
0.2905;1917
0.2915;1867
0.2925;1813
0.2935;1833
0.2945;1763
0.2955;1792
0.2965;1878
0.2975;1819
0.2985;1841
0.2995;1778
0.3005;1797
0.3015;1820
0.3025;1800
0.3035;1802
0.3045;1875
0.3055;1735
0.3065;1822
0.3075;1777
0.3085;1843
0.3095;1861
0.3105;1751
0.3115;1802
0.3125;1787
0.3135;1735
0.3145;1780
0.3155;1826
0.3165;1765
0.3175;1793
0.3185;1773
0.3195;1736
0.3205;1811
0.3215;1719
0.3225;1703
0.3235;1759
0.3245;1827
0.3255;1715
0.3265;1752
0.3275;1684
0.3285;1730
0.3295;1780
0.3305;1816
0.3315;1780
0.3325;1681
0.3335;1726
0.3345;1638
0.3355;1661
0.3365;1699
0.3375;1720
0.3385;1729
0.3395;1738
0.3405;1670
0.3415;1719
0.3425;1672
0.3435;1616
0.3445;1669
0.3455;1572
0.3465;1731
0.3475;1665
0.3485;1705
0.3495;1649
0.3505;1742
0.3515;1663
0.3525;1669
0.3535;1701
0.3545;1721
0.3555;1676
0.3565;1741
0.3575;1720
0.3585;1648
0.3595;1647
0.3605;1717
0.3615;1649
0.3625;1731
0.3635;1650
0.3645;1665
0.3655;1797
0.3665;1640
0.3675;1693
0.3685;1743
0.3695;1679
0.3705;1716
0.3715;1731
0.3725;1668
0.3735;1731
0.3745;1729
0.3755;1645
0.3765;1683
0.3775;1757
0.3785;1675
0.3795;1630
0.3805;1721
0.3815;1701
0.3825;1736
0.3835;1697
0.3845;1635
0.3855;1661
0.3865;1743
0.3875;1733
0.3885;1713
0.3895;1645
0.3905;1698
0.3915;1713
0.3925;1647
0.3935;1707
0.3945;1653
0.3955;1694
0.3965;1672
0.3975;1630
0.3985;1618
0.3995;1631
0.4005;1645
0.4015;1674
0.4025;1641
0.4035;1677
0.4045;1647
0.4055;1619
0.4065;1699
0.4075;1670
0.4085;1633
0.4095;1694
0.4105;1621
0.4115;1702
0.4125;1681
0.4135;1701
0.4145;1651
0.4155;1644
0.4165;1725
0.4175;1703
0.4185;1707
0.4195;1659
0.4205;1713
0.4215;1635
0.4225;1670
0.4235;1750
0.4245;1646
0.4255;1745
0.4265;1610
0.4275;1657
0.4285;1636
0.4295;1672
0.4305;1711
0.4315;1677
0.4325;1641
0.4335;1619
0.4345;1667
0.4355;1710
0.4365;1763
0.4375;1697
0.4385;1672
0.4395;1674
0.4405;1667
0.4415;1707
0.4425;1641
0.4435;1635
0.4445;1684
0.4455;1657
0.4465;1711
0.4475;1745
0.4485;1657
0.4495;1651
0.4505;1684
0.4515;1677
0.4525;1686
0.4535;1743
0.4545;1712
0.4555;1668
0.4565;1635
0.4575;1668
0.4585;1607
0.4595;1707
0.4605;1709
0.4615;1679
0.4625;1652
0.4635;1668
0.4645;1740
0.4655;1657
0.4665;1643
0.4675;1729
0.4685;1680
0.4695;1721
0.4705;1616
0.4715;1637
0.4725;1663
0.4735;1669
0.4745;1655
0.4755;1712
0.4765;1674
0.4775;1601
0.4785;1628
0.4795;1589
0.4805;1627
0.4815;1722
0.4825;1671
0.4835;1709
0.4845;1670
0.4855;1669
0.4865;1614
0.4875;1592
0.4885;1666
0.4895;1603
0.4905;1678
0.4915;1672
0.4925;1609
0.4935;1656
0.4945;1653
0.4955;1686
0.4965;1645
0.4975;1685
0.4985;1621
0.4995;1596
0.5005;1726
0.5015;1712
0.5025;1654
0.5035;1659
0.5045;1582
0.5055;1570
0.5065;1563
0.5075;1745
0.5085;1651
0.5095;1690
0.5105;1706
0.5115;1681
0.5125;1752
0.5135;1676
0.5145;1650
0.5155;1689
0.5165;1721
0.5175;1676
0.5185;1636
0.5195;1657
0.5205;1666
0.5215;1626
0.5225;1724
0.5235;1658
0.5245;1633
0.5255;1603
0.5265;1628
0.5275;1641
0.5285;1649
0.5295;1653
0.5305;1691
0.5315;1694
0.5325;1626
0.5335;1589
0.5345;1694
0.5355;1695
0.5365;1677
0.5375;1641
0.5385;1641
0.5395;1655
0.5405;1659
0.5415;1695
0.5425;1625
0.5435;1672
0.5445;1606
0.5455;1569
0.5465;1664
0.5475;1640
0.5485;1654
0.5495;1620
0.5505;1614
0.5515;1650
0.5525;1567
0.5535;1660
0.5545;1674
0.5555;1592
0.5565;1576
0.5575;1680
0.5585;1615
0.5595;1652
0.5605;1710
0.5615;1675
0.5625;1628
0.5635;1666
0.5645;1559
0.5655;1582
0.5665;1578
0.5675;1566
0.5685;1578
0.5695;1609
0.5705;1615
0.5715;1655
0.5725;1558
0.5735;1663
0.5745;1662
0.5755;1619
0.5765;1602
0.5775;1682
0.5785;1576
0.5795;1600
0.5805;1606
0.5815;1555
0.5825;1645
0.5835;1639
0.5845;1690
0.5855;1699
0.5865;1582
0.5875;1627
0.5885;1694
0.5895;1649
0.5905;1586
0.5915;1572
0.5925;1573
0.5935;1614
0.5945;1606
0.5955;1556
0.5965;1608
0.5975;1586
0.5985;1643
0.5995;1611
0.6005;1626
0.6015;1608
0.6025;1586
0.6035;1609
0.6045;1604
0.6055;1590
0.6065;1571
0.6075;1575
0.6085;1614
0.6095;1649
0.6105;1548
0.6115;1583
0.6125;1596
0.6135;1656
0.6145;1626
0.6155;1567
0.6165;1500
0.6175;1588
0.6185;1653
0.6195;1629
0.6205;1648
0.6215;1525
0.6225;1568
0.6235;1524
0.6245;1662
0.6255;1683
0.6265;1579
0.6275;1591
0.6285;1586
0.6295;1613
0.6305;1603
0.6315;1555
0.6325;1544
0.6335;1580
0.6345;1588
0.6355;1524
0.6365;1515
0.6375;1568
0.6385;1626
0.6395;1602
0.6405;1531
0.6415;1650
0.6425;1527
0.6435;1624
0.6445;1556
0.6455;1589
0.6465;1583
0.6475;1610
0.6485;1534
0.6495;1589
0.6505;1540
0.6515;1541
0.6525;1533
0.6535;1585
0.6545;1539
0.6555;1554
0.6565;1608
0.6575;1575
0.6585;1612
0.6595;1564
0.6605;1531
0.6615;1547
0.6625;1584
0.6635;1589
0.6645;1669
0.6655;1560
0.6665;1599
0.6675;1544
0.6685;1571
0.6695;1555
0.6705;1645
0.6715;1579
0.6725;1594
0.6735;1545
0.6745;1593
0.6755;1576
0.6765;1662
0.6775;1648
0.6785;1664
0.6795;1593
0.6805;1669
0.6815;1635
0.6825;1638
0.6835;1626
0.6845;1627
0.6855;1652
0.6865;1605
0.6875;1626
0.6885;1562
0.6895;1630
0.6905;1533
0.6915;1549
0.6925;1578
0.6935;1623
0.6945;1715
0.6955;1661
0.6965;1653
0.6975;1582
0.6985;1605
0.6995;1632
0.7005;1617
0.7015;1623
0.7025;1574
0.7035;1616
0.7045;1593
0.7055;1687
0.7065;1649
0.7075;1649
0.7085;1578
0.7095;1620
0.7105;1628
0.7115;1618
0.7125;1660
0.7135;1656
0.7145;1605
0.7155;1634
0.7165;1666
0.7175;1594
0.7185;1617
0.7195;1623
0.7205;1643
0.7215;1559
0.7225;1683
0.7235;1602
0.7245;1761
0.7255;1593
0.7265;1628
0.7275;1624
0.7285;1640
0.7295;1587
0.7305;1669
0.7315;1700
0.7325;1685
0.7335;1676
0.7345;1671
0.7355;1699
0.7365;1680
0.7375;1644
0.7385;1724
0.7395;1747
0.7405;1684
0.7415;1754
0.7425;1650
0.7435;1743
0.7445;1738
0.7455;1786
0.7465;1774
0.7475;1793
0.7485;1696
0.7495;1748
0.7505;1698
0.7515;1672
0.7525;1701
0.7535;1666
0.7545;1762
0.7555;1676
0.7565;1774
0.7575;1762
0.7585;1705
0.7595;1768
0.7605;1672
0.7615;1760
0.7625;1745
0.7635;1782
0.7645;1762
0.7655;1718
0.7665;1836
0.7675;1729
0.7685;1734
0.7695;1762
0.7705;1700
0.7715;1917
0.7725;1780
0.7735;1801
0.7745;1741
0.7755;1732
0.7765;1818
0.7775;1766
0.7785;1796
0.7795;1846
0.7805;1726
0.7815;1813
0.7825;1778
0.7835;1874
0.7845;1775
0.7855;1771
0.7865;1841
0.7875;1781
0.7885;1803
0.7895;1737
0.7905;1772
0.7915;1794
0.7925;1805
0.7935;1789
0.7945;1891
0.7955;1825
0.7965;1902
0.7975;1833
0.7985;1817
0.7995;1850
0.8005;1810
0.8015;1861
0.8025;1853
0.8035;1849
0.8045;1808
0.8055;1892
0.8065;1908
0.8075;1806
0.8085;1788
0.8095;1829
0.8105;1842
0.8115;1842
0.8125;1812
0.8135;1906
0.8145;1853
0.8155;1836
0.8165;1831
0.8175;1822
0.8185;1867
0.8195;1813
0.8205;1799
0.8215;1827
0.8225;1884
0.8235;1889
0.8245;1876
0.8255;1842
0.8265;1854
0.8275;1858
0.8285;1848
0.8295;1857
0.8305;1927
0.8315;1817
0.8325;1870
0.8335;1925
0.8345;1836
0.8355;1886
0.8365;1895
0.8375;1848
0.8385;1798
0.8395;1754
0.8405;1712
0.8415;1571
0.8425;1654
0.8435;1555
0.8445;1525
0.8455;1574
0.8465;1438
0.8475;1463
0.8485;1476
0.8495;1396
0.8505;1510
0.8515;1445
0.8525;1494
0.8535;1521
0.8545;1421
0.8555;1441
0.8565;1496
0.8575;1437
0.8585;1487
0.8595;1464
0.8605;1501
0.8615;1412
0.8625;1479
0.8635;1439
0.8645;1440
0.8655;1466
0.8665;1373
0.8675;1426
0.8685;1513
0.8695;1501
0.8705;1378
0.8715;1476
0.8725;1368
0.8735;1456
0.8745;1544
0.8755;1428
0.8765;1475
0.8775;1495
0.8785;1472
0.8795;1467
0.8805;1526
0.8815;1509
0.8825;1430
0.8835;1480
0.8845;1487
0.8855;1447
0.8865;1470
0.8875;1433
0.8885;1491
0.8895;1486
0.8905;1507
0.8915;1450
0.8925;1469
0.8935;1520
0.8945;1414
0.8955;1404
0.8965;1486
0.8975;1413
0.8985;1435
0.8995;1522
0.9005;1376
0.9015;1426
0.9025;1449
0.9035;1421
0.9045;1310
0.9055;1496
0.9065;1456
0.9075;1416
0.9085;1401
0.9095;1452
0.9105;1443
0.9115;1403
0.9125;1414
0.9135;1441
0.9145;1477
0.9155;1456
0.9165;1482
0.9175;1430
0.9185;1456
0.9195;1375
0.9205;1414
0.9215;1402
0.9225;1486
0.9235;1418
0.9245;1476
0.9255;1379
0.9265;1407
0.9275;1444
0.9285;1485
0.9295;1435
0.9305;1397
0.9315;1390
0.9325;1408
0.9335;1441
0.9345;1424
0.9355;1426
0.9365;1486
0.9375;1383
0.9385;1476
0.9395;1301
0.9405;1428
0.9415;1407
0.9425;1384
0.9435;1343
0.9445;1428
0.9455;1470
0.9465;1441
0.9475;1423
0.9485;1400
0.9495;1375
0.9505;1440
0.9515;1430
0.9525;1390
0.9535;1455
0.9545;1414
0.9555;1391
0.9565;1368
0.9575;1401
0.9585;1397
0.9595;1425
0.9605;1361
0.9615;1406
0.9625;1379
0.9635;1475
0.9645;1385
0.9655;1415
0.9665;1409
0.9675;1411
0.9685;1384
0.9695;1373
0.9705;1406
0.9715;1376
0.9725;1398
0.9735;1373
0.9745;1394
0.9755;1393
0.9765;1351
0.9775;1386
0.9785;1429
0.9795;1376
0.9805;1444
0.9815;1394
0.9825;1378
0.9835;1412
0.9845;1361
0.9855;1389
0.9865;1330
0.9875;1369
0.9885;1345
0.9895;1323
0.9905;1290
0.9915;1296
0.9925;1346
0.9935;1386
0.9945;1413
0.9955;1445
0.9965;1284
0.9975;1336
0.9985;1353
0.9995;1370
1.0005;1380
1.0015;1355
1.0025;1347
1.0035;1314
1.0045;1296
1.0055;1341
1.0065;1281
1.0075;1342
1.0085;1319
1.0095;1380
1.0105;1345
1.0115;1416
1.0125;1353
1.0135;1323
1.0145;1317
1.0155;1324
1.0165;1281
1.0175;1322
1.0185;1297
1.0195;1368
1.0205;1306
1.0215;1307
1.0225;1317
1.0235;1250
1.0245;1322
1.0255;1295
1.0265;1327
1.0275;1312
1.0285;1240
1.0295;1243
1.0305;1296
1.0315;1256
1.0325;1299
1.0335;1354
1.0345;1263
1.0355;1274
1.0365;1312
1.0375;1270
1.0385;1262
1.0395;1305
1.0405;1285
1.0415;1260
1.0425;1271
1.0435;1233
1.0445;1302
1.0455;1296
1.0465;1257
1.0475;1293
1.0485;1237
1.0495;1279
1.0505;1249
1.0515;1235
1.0525;1161
1.0535;1269
1.0545;1327
1.0555;1222
1.0565;1230
1.0575;1247
1.0585;1246
1.0595;1289
1.0605;1240
1.0615;1296
1.0625;1245
1.0635;1210
1.0645;1231
1.0655;1240
1.0665;1273
1.0675;1224
1.0685;1260
1.0695;1203
1.0705;1180
1.0715;1200
1.0725;1154
1.0735;1188
1.0745;1272
1.0755;1193
1.0765;1300
1.0775;1209
1.0785;1219
1.0795;1222
1.0805;1217
1.0815;1233
1.0825;1220
1.0835;1199
1.0845;1261
1.0855;1232
1.0865;1282
1.0875;1189
1.0885;1194
1.0895;1236
1.0905;1229
1.0915;1224
1.0925;1178
1.0935;1226
1.0945;1168
1.0955;1206
1.0965;1227
1.0975;1175
1.0985;1220
1.0995;1209
1.1005;1178
1.1015;1183
1.1025;1137
1.1035;1226
1.1045;1238
1.1055;1167
1.1065;1207
1.1075;1198
1.1085;1169
1.1095;1252
1.1105;1159
1.1115;1177
1.1125;1209
1.1135;1155
1.1145;1200
1.1155;1142
1.1165;1195
1.1175;1189
1.1185;1163
1.1195;1129
1.1205;1131
1.1215;1136
1.1225;1153
1.1235;1170
1.1245;1149
1.1255;1209
1.1265;1142
1.1275;1128
1.1285;1154
1.1295;1154
1.1305;1177
1.1315;1100
1.1325;1097
1.1335;1161
1.1345;1119
1.1355;1114
1.1365;1183
1.1375;1095
1.1385;1200
1.1395;1110
1.1405;1161
1.1415;1068
1.1425;1099
1.1435;1160
1.1445;1120
1.1455;1108
1.1465;1136
1.1475;1107
1.1485;1118
1.1495;1105
1.1505;1080
1.1515;1116
1.1525;1159
1.1535;1146
1.1545;1109
1.1555;1097
1.1565;1082
1.1575;1129
1.1585;1101
1.1595;1123
1.1605;1069
1.1615;1095
1.1625;1044
1.1635;1064
1.1645;1069
1.1655;1064
1.1665;999
1.1675;1041
1.1685;1103
1.1695;1054
1.1705;1021
1.1715;1097
1.1725;1083
1.1735;1063
1.1745;1074
1.1755;1131
1.1765;1021
1.1775;1109
1.1785;1043
1.1795;1093
1.1805;1128
1.1815;1062
1.1825;1090
1.1835;1100
1.1845;1115
1.1855;1194
1.1865;1176
1.1875;1178
1.1885;1154
1.1895;1073
1.1905;1119
1.1915;1117
1.1925;1094
1.1935;1124
1.1945;1142
1.1955;1160
1.1965;1067
1.1975;1115
1.1985;1151
1.1995;1054
1.2005;1093
1.2015;1076
1.2025;1104
1.2035;1083
1.2045;1048
1.2055;1079
1.2065;1076
1.2075;1109
1.2085;1077
1.2095;1088
1.2105;1022
1.2115;1086
1.2125;1085
1.2135;1040
1.2145;1064
1.2155;1064
1.2165;1090
1.2175;1083
1.2185;1047
1.2195;1070
1.2205;1058
1.2215;1087
1.2225;1087
1.2235;1053
1.2245;1079
1.2255;1032
1.2265;1074
1.2275;1051
1.2285;1046
1.2295;1083
1.2305;1031
1.2315;1035
1.2325;1031
1.2335;965
1.2345;996
1.2355;1079
1.2365;1083
1.2375;1050
1.2385;1088
1.2395;1048
1.2405;992
1.2415;1053
1.2425;1051
1.2435;1029
1.2445;1008
1.2455;1025
1.2465;1129
1.2475;1076
1.2485;1033
1.2495;1001
1.2505;997
1.2515;1005
1.2525;962
1.2535;1004
1.2545;1036
1.2555;1053
1.2565;1027
1.2575;1026
1.2585;989
1.2595;1031
1.2605;1017
1.2615;1004
1.2625;1012
1.2635;1005
1.2645;1028
1.2655;1005
1.2665;1012
1.2675;1032
1.2685;1006
1.2695;1073
1.2705;1044
1.2715;967
1.2725;1020
1.2735;980
1.2745;1016
1.2755;985
1.2765;1031
1.2775;1007
1.2785;996
1.2795;958
1.2805;961
1.2815;952
1.2825;990
1.2835;951
1.2845;1005
1.2855;986
1.2865;968
1.2875;953
1.2885;967
1.2895;1007
1.2905;1002
1.2915;987
1.2925;1005
1.2935;1013
1.2945;1006
1.2955;983
1.2965;989
1.2975;942
1.2985;1028
1.2995;997
1.3005;988
1.3015;1024
1.3025;999
1.3035;985
1.3045;1014
1.3055;1005
1.3065;974
1.3075;956
1.3085;1022
1.3095;973
1.3105;964
1.3115;973
1.3125;927
1.3135;1009
1.3145;989
1.3155;986
1.3165;1004
1.3175;998
1.3185;985
1.3195;1020
1.3205;951
1.3215;968
1.3225;987
1.3235;990
1.3245;993
1.3255;1005
1.3265;896
1.3275;1011
1.3285;977
1.3295;984
1.3305;919
1.3315;968
1.3325;991
1.3335;947
1.3345;937
1.3355;1005
1.3365;1000
1.3375;1001
1.3385;1028
1.3395;892
1.3405;954
1.3415;975
1.3425;907
1.3435;967
1.3445;942
1.3455;956
1.3465;961
1.3475;976
1.3485;950
1.3495;955
1.3505;986
1.3515;963
1.3525;954
1.3535;978
1.3545;938
1.3555;924
1.3565;910
1.3575;993
1.3585;948
1.3595;1003
1.3605;928
1.3615;993
1.3625;962
1.3635;971
1.3645;949
1.3655;972
1.3665;922
1.3675;931
1.3685;891
1.3695;979
1.3705;953
1.3715;945
1.3725;1004
1.3735;937
1.3745;924
1.3755;938
1.3765;963
1.3775;912
1.3785;897
1.3795;879
1.3805;989
1.3815;976
1.3825;940
1.3835;903
1.3845;961
1.3855;962
1.3865;964
1.3875;989
1.3885;953
1.3895;954
1.3905;942
1.3915;972
1.3925;960
1.3935;940
1.3945;935
1.3955;963
1.3965;940
1.3975;900
1.3985;892
1.3995;953
1.4005;889
1.4015;886
1.4025;946
1.4035;934
1.4045;980
1.4055;962
1.4065;925
1.4075;933
1.4085;932
1.4095;894
1.4105;917
1.4115;885
1.4125;882
1.4135;936
1.4145;938
1.4155;910
1.4165;960
1.4175;935
1.4185;902
1.4195;925
1.4205;953
1.4215;896
1.4225;899
1.4235;921
1.4245;993
1.4255;938
1.4265;941
1.4275;891
1.4285;927
1.4295;930
1.4305;956
1.4315;864
1.4325;867
1.4335;869
1.4345;933
1.4355;956
1.4365;942
1.4375;949
1.4385;890
1.4395;872
1.4405;912
1.4415;880
1.4425;893
1.4435;905
1.4445;840
1.4455;881
1.4465;871
1.4475;886
1.4485;865
1.4495;1022
1.4505;904
1.4515;860
1.4525;940
1.4535;848
1.4545;919
1.4555;902
1.4565;934
1.4575;875
1.4585;932
1.4595;843
1.4605;930
1.4615;866
1.4625;900
1.4635;892
1.4645;902
1.4655;908
1.4665;906
1.4675;867
1.4685;894
1.4695;917
1.4705;867
1.4715;931
1.4725;703
1.4735;390
1.4745;361
1.4755;338
1.4765;269
1.4775;199
1.4785;199
1.4795;158
1.4805;139
1.4815;116
1.4825;124
1.4835;116
1.4845;107
1.4855;116
1.4865;116
1.4875;120
1.4885;113
1.4895;101
1.4905;120
1.4915;124
1.4925;102
1.4935;126
1.4945;125
1.4955;118
1.4965;122
1.4975;112
1.4985;137
1.4995;128
1.5005;124
1.5015;139
1.5025;123
1.5035;105
1.5045;110
1.5055;109
1.5065;122
1.5075;135
1.5085;118
1.5095;99
1.5105;123
1.5115;121
1.5125;122
1.5135;113
1.5145;128
1.5155;127
1.5165;105
1.5175;133
1.5185;116
1.5195;118
1.5205;121
1.5215;125
1.5225;125
1.5235;112
1.5245;116
1.5255;111
1.5265;118
1.5275;115
1.5285;111
1.5295;131
1.5305;124
1.5315;129
1.5325;122
1.5335;130
1.5345;115
1.5355;122
1.5365;117
1.5375;100
1.5385;110
1.5395;106
1.5405;114
1.5415;120
1.5425;97
1.5435;119
1.5445;123
1.5455;119
1.5465;125
1.5475;112
1.5485;108
1.5495;108
1.5505;117
1.5515;123
1.5525;96
1.5535;110
1.5545;104
1.5555;108
1.5565;94
1.5575;100
1.5585;105
1.5595;85
1.5605;102
1.5615;130
1.5625;122
1.5635;106
1.5645;95
1.5655;111
1.5665;134
1.5675;106
1.5685;103
1.5695;94
1.5705;138
1.5715;116
1.5725;108
1.5735;112
1.5745;119
1.5755;114
1.5765;101
1.5775;126
1.5785;113
1.5795;90
1.5805;115
1.5815;109
1.5825;83
1.5835;102
1.5845;87
1.5855;114
1.5865;121
1.5875;103
1.5885;121
1.5895;109
1.5905;97
1.5915;95
1.5925;104
1.5935;120
1.5945;112
1.5955;109
1.5965;104
1.5975;120
1.5985;107
1.5995;104
1.6005;133
1.6015;109
1.6025;90
1.6035;113
1.6045;98
1.6055;110
1.6065;99
1.6075;120
1.6085;113
1.6095;117
1.6105;119
1.6115;103
1.6125;95
1.6135;105
1.6145;99
1.6155;110
1.6165;115
1.6175;107
1.6185;109
1.6195;105
1.6205;92
1.6215;94
1.6225;101
1.6235;108
1.6245;98
1.6255;92
1.6265;105
1.6275;111
1.6285;98
1.6295;104
1.6305;93
1.6315;94
1.6325;102
1.6335;101
1.6345;108
1.6355;91
1.6365;94
1.6375;96
1.6385;106
1.6395;104
1.6405;91
1.6415;84
1.6425;101
1.6435;106
1.6445;123
1.6455;112
1.6465;105
1.6475;92
1.6485;99
1.6495;104
1.6505;88
1.6515;109
1.6525;103
1.6535;113
1.6545;93
1.6555;116
1.6565;94
1.6575;106
1.6585;92
1.6595;89
1.6605;108
1.6615;96
1.6625;116
1.6635;104
1.6645;90
1.6655;95
1.6665;88
1.6675;100
1.6685;106
1.6695;80
1.6705;106
1.6715;89
1.6725;90
1.6735;95
1.6745;113
1.6755;99
1.6765;86
1.6775;75
1.6785;78
1.6795;105
1.6805;93
1.6815;97
1.6825;94
1.6835;91
1.6845;91
1.6855;81
1.6865;93
1.6875;67
1.6885;92
1.6895;111
1.6905;93
1.6915;102
1.6925;84
1.6935;109
1.6945;80
1.6955;91
1.6965;84
1.6975;86
1.6985;75
1.6995;93
1.7005;92
1.7015;93
1.7025;78
1.7035;71
1.7045;92
1.7055;93
1.7065;91
1.7075;74
1.7085;78
1.7095;75
1.7105;82
1.7115;87
1.7125;93
1.7135;72
1.7145;97
1.7155;85
1.7165;87
1.7175;98
1.7185;87
1.7195;75
1.7205;98
1.7215;78
1.7225;93
1.7235;88
1.7245;85
1.7255;83
1.7265;74
1.7275;76
1.7285;89
1.7295;78
1.7305;91
1.7315;71
1.7325;66
1.7335;98
1.7345;84
1.7355;74
1.7365;87
1.7375;93
1.7385;88
1.7395;92
1.7405;78
1.7415;84
1.7425;90
1.7435;70
1.7445;80
1.7455;81
1.7465;62
1.7475;83
1.7485;69
1.7495;86
1.7505;83
1.7515;86
1.7525;78
1.7535;85
1.7545;86
1.7555;67
1.7565;86
1.7575;86
1.7585;78
1.7595;83
1.7605;66
1.7615;72
1.7625;59
1.7635;78
1.7645;68
1.7655;81
1.7665;79
1.7675;72
1.7685;78
1.7695;83
1.7705;73
1.7715;84
1.7725;78
1.7735;82
1.7745;78
1.7755;67
1.7765;65
1.7775;39
1.7785;16
1.7795;32
1.7805;21
1.7815;29
1.7825;36
1.7835;22
1.7845;22
1.7855;24
1.7865;25
1.7875;26
1.7885;35
1.7895;27
1.7905;23
1.7915;28
1.7925;17
1.7935;23
1.7945;28
1.7955;24
1.7965;17
1.7975;30
1.7985;25
1.7995;20
1.8005;27
1.8015;27
1.8025;20
1.8035;27
1.8045;33
1.8055;18
1.8065;18
1.8075;30
1.8085;34
1.8095;25
1.8105;27
1.8115;22
1.8125;30
1.8135;24
1.8145;24
1.8155;25
1.8165;36
1.8175;26
1.8185;20
1.8195;29
1.8205;29
1.8215;20
1.8225;20
1.8235;30
1.8245;14
1.8255;26
1.8265;28
1.8275;26
1.8285;27
1.8295;22
1.8305;12
1.8315;21
1.8325;29
1.8335;22
1.8345;24
1.8355;23
1.8365;18
1.8375;16
1.8385;19
1.8395;28
1.8405;20
1.8415;17
1.8425;23
1.8435;26
1.8445;19
1.8455;15
1.8465;24
1.8475;23
1.8485;23
1.8495;24
1.8505;21
1.8515;21
1.8525;21
1.8535;27
1.8545;19
1.8555;24
1.8565;17
1.8575;16
1.8585;19
1.8595;20
1.8605;28
1.8615;18
1.8625;26
1.8635;25
1.8645;6
1.8655;17
1.8665;14
1.8675;19
1.8685;22
1.8695;22
1.8705;19
1.8715;16
1.8725;10
1.8735;15
1.8745;23
1.8755;19
1.8765;23
1.8775;27
1.8785;18
1.8795;28
1.8805;23
1.8815;17
1.8825;16
1.8835;20
1.8845;20
1.8855;15
1.8865;17
1.8875;12
1.8885;23
1.8895;22
1.8905;11
1.8915;20
1.8925;11
1.8935;12
1.8945;14
1.8955;14
1.8965;17
1.8975;20
1.8985;9
1.8995;21
1.9005;13
1.9015;19
1.9025;12
1.9035;23
1.9045;21
1.9055;18
1.9065;11
1.9075;18
1.9085;15
1.9095;16
1.9105;18
1.9115;22
1.9125;16
1.9135;18
1.9145;13
1.9155;14
1.9165;9
1.9175;11
1.9185;14
1.9195;16
1.9205;20
1.9215;13
1.9225;18
1.9235;19
1.9245;17
1.9255;16
1.9265;10
1.9275;14
1.9285;10
1.9295;19
1.9305;15
1.9315;13
1.9325;16
1.9335;15
1.9345;16
1.9355;18
1.9365;15
1.9375;11
1.9385;13
1.9395;9
1.9405;19
1.9415;11
1.9425;10
1.9435;20
1.9445;14
1.9455;18
1.9465;10
1.9475;23
1.9485;14
1.9495;16
1.9505;19
1.9515;9
1.9525;16
1.9535;14
1.9545;20
1.9555;11
1.9565;10
1.9575;7
1.9585;17
1.9595;16
1.9605;18
1.9615;10
1.9625;13
1.9635;15
1.9645;21
1.9655;23
1.9665;8
1.9675;17
1.9685;17
1.9695;15
1.9705;12
1.9715;10
1.9725;16
1.9735;16
1.9745;12
1.9755;6
1.9765;10
1.9775;9
1.9785;15
1.9795;16
1.9805;11
1.9815;8
1.9825;13
1.9835;17
1.9845;8
1.9855;15
1.9865;8
1.9875;14
1.9885;15
1.9895;9
1.9905;12
1.9915;10
1.9925;12
1.9935;12
1.9945;13
1.9955;8
1.9965;8
1.9975;12
1.9985;10
1.9995;7
2.0005;13
2.0015;6
2.0025;11
2.0035;8
2.0045;8
2.0055;13
2.0065;12
2.0075;17
2.0085;4
2.0095;12
2.0105;6
2.0115;13
2.0125;8
2.0135;8
2.0145;10
2.0155;9
2.0165;9
2.0175;11
2.0185;10
2.0195;11
2.0205;8
2.0215;10
2.0225;13
2.0235;10
2.0245;13
2.0255;10
2.0265;7
2.0275;13
2.0285;9
2.0295;8
2.0305;17
2.0315;9
2.0325;7
2.0335;8
2.0345;7
2.0355;11
2.0365;9
2.0375;10
2.0385;6
2.0395;12
2.0405;10
2.0415;15
2.0425;10
2.0435;14
2.0445;9
2.0455;11
2.0465;9
2.0475;9
2.0485;11
2.0495;6
2.0505;11
2.0515;4
2.0525;15
2.0535;8
2.0545;9
2.0555;9
2.0565;6
2.0575;8
2.0585;4
2.0595;7
2.0605;5
2.0615;5
2.0625;7
2.0635;8
2.0645;5
2.0655;5
2.0665;10
2.0675;6
2.0685;8
2.0695;8
2.0705;3
2.0715;6
2.0725;5
2.0735;9
2.0745;7
2.0755;10
2.0765;9
2.0775;8
2.0785;6
2.0795;7
2.0805;7
2.0815;9
2.0825;8
2.0835;6
2.0845;8
2.0855;4
2.0865;9
2.0875;10
2.0885;9
2.0895;6
2.0905;4
2.0915;5
2.0925;6
2.0935;7
2.0945;8
2.0955;4
2.0965;4
2.0975;13
2.0985;8
2.0995;10
2.1005;4
2.1015;3
2.1025;6
2.1035;1
2.1045;1
2.1055;6
2.1065;5
2.1075;5
2.1085;4
2.1095;6
2.1105;4
2.1115;5
2.1125;6
2.1135;7
2.1145;5
2.1155;1
2.1165;10
2.1175;3
2.1185;4
2.1195;4
2.1205;9
2.1215;5
2.1225;6
2.1235;5
2.1245;7
2.1255;10
2.1265;8
2.1275;6
2.1285;6
2.1295;6
2.1305;3
2.1315;6
2.1325;5
2.1335;10
2.1345;7
2.1355;6
2.1365;6
2.1375;3
2.1385;5
2.1395;7
2.1405;5
2.1415;9
2.1425;7
2.1435;8
2.1445;3
2.1455;8
2.1465;2
2.1475;1
2.1485;4
2.1495;4
2.1505;3
2.1515;5
2.1525;4
2.1535;3
2.1545;8
2.1555;4
2.1565;4
2.1575;1
2.1585;5
2.1595;3
2.1605;1
2.1615;1
2.1625;2
2.1635;4
2.1645;5
2.1655;8
2.1665;4
2.1675;2
2.1685;2
2.1695;2
2.1705;1
2.1715;2
2.1725;4
2.1735;4
2.1745;6
2.1755;3
2.1765;11
2.1775;6
2.1785;2
2.1795;2
2.1805;2
2.1815;2
2.1825;3
2.1835;4
2.1845;1
2.1855;2
2.1865;6
2.1875;2
2.1885;3
2.1895;3
2.1905;5
2.1915;2
2.1925;7
2.1935;1
2.1945;2
2.1955;6
2.1965;5
2.1975;2
2.1985;0
2.1995;6
2.2005;3
2.2015;4
2.2025;3
2.2035;3
2.2045;3
2.2055;2
2.2065;3
2.2075;7
2.2085;2
2.2095;3
2.2105;3
2.2115;3
2.2125;4
2.2135;7
2.2145;2
2.2155;1
2.2165;4
2.2175;1
2.2185;2
2.2195;1
2.2205;2
2.2215;1
2.2225;3
2.2235;3
2.2245;2
2.2255;2
2.2265;1
2.2275;0
2.2285;3
2.2295;5
2.2305;3
2.2315;2
2.2325;3
2.2335;1
2.2345;1
2.2355;2
2.2365;4
2.2375;2
2.2385;6
2.2395;4
2.2405;1
2.2415;2
2.2425;1
2.2435;3
2.2445;1
2.2455;2
2.2465;2
2.2475;3
2.2485;2
2.2495;1
2.2505;2
2.2515;0
2.2525;5
2.2535;3
2.2545;1
2.2555;3
2.2565;0
2.2575;1
2.2585;3
2.2595;1
2.2605;1
2.2615;2
2.2625;5
2.2635;2
2.2645;2
2.2655;4
2.2665;1
2.2675;1
2.2685;1
2.2695;1
2.2705;4
2.2715;0
2.2725;1
2.2735;2
2.2745;2
2.2755;1
2.2765;0
2.2775;2
2.2785;1
2.2795;1
2.2805;1
2.2815;1
2.2825;2
2.2835;1
2.2845;0
2.2855;2
2.2865;2
2.2875;0
2.2885;3
2.2895;1
2.2905;2
2.2915;1
2.2925;2
2.2935;2
2.2945;1
2.2955;0
2.2965;3
2.2975;0
2.2985;1
2.2995;1
2.3005;1
2.3015;1
2.3025;1
2.3035;2
2.3045;2
2.3055;0
2.3065;2
2.3075;1
2.3085;2
2.3095;0
2.3105;0
2.3115;1
2.3125;0
2.3135;1
2.3145;1
2.3155;2
2.3165;1
2.3175;2
2.3185;1
2.3195;2
2.3205;2
2.3215;1
2.3225;0
2.3235;0
2.3245;0
2.3255;0
2.3265;1
2.3275;0
2.3285;1
2.3295;1
2.3305;1
2.3315;0
2.3325;4
2.3335;0
2.3345;1
2.3355;2
2.3365;1
2.3375;0
2.3385;1
2.3395;1
2.3405;0
2.3415;1
2.3425;2
2.3435;0
2.3445;1
2.3455;0
2.3465;0
2.3475;1
2.3485;0
2.3495;1
2.3505;1
2.3515;1
2.3525;1
2.3535;1
2.3545;0
2.3555;2
2.3565;1
2.3575;1
2.3585;0
2.3595;2
2.3605;2
2.3615;0
2.3625;0
2.3635;0
2.3645;0
2.3655;1
2.3665;1
2.3675;0
2.3685;0
2.3695;0
2.3705;3
2.3715;0
2.3725;0
2.3735;1
2.3745;1
2.3755;1
2.3765;1
2.3775;2
2.3785;0
2.3795;0
2.3805;1
2.3815;0
2.3825;0
2.3835;1
2.3845;0
2.3855;1
2.3865;1
2.3875;0
2.3885;0
2.3895;0
2.3905;0
2.3915;2
2.3925;1
2.3935;3
2.3945;1
2.3955;2
2.3965;0
2.3975;2
2.3985;0
2.3995;2
2.4005;0
2.4015;1
2.4025;1
2.4035;2
2.4045;0
2.4055;0
2.4065;1
2.4075;0
2.4085;0
2.4095;3
2.4105;0
2.4115;1
2.4125;0
2.4135;0
2.4145;1
2.4155;0
2.4165;1
2.4175;0
2.4185;1
2.4195;0
2.4205;0
2.4215;0
2.4225;0
2.4235;0
2.4245;0
2.4255;1
2.4265;0
2.4275;1
2.4285;0
2.4295;2
2.4305;1
2.4315;0
2.4325;0
2.4335;0
2.4345;1
2.4355;1
2.4365;0
2.4375;0
2.4385;0
2.4395;1
2.4405;1
2.4415;1
2.4425;1
2.4435;1
2.4445;0
2.4455;2
2.4465;0
2.4475;2
2.4485;1
2.4495;0
2.4505;2
2.4515;0
2.4525;1
2.4535;0
2.4545;0
2.4555;0
2.4565;0
2.4575;0
2.4585;0
2.4595;1
2.4605;1
2.4615;0
2.4625;1
2.4635;0
2.4645;0
2.4655;1
2.4665;0
2.4675;1
2.4685;0
2.4695;0
2.4705;1
2.4715;0
2.4725;0
2.4735;1
2.4745;1
2.4755;1
2.4765;1
2.4775;1
2.4785;0
2.4795;1
2.4805;1
2.4815;0
2.4825;0
2.4835;0
2.4845;0
2.4855;0
2.4865;0
2.4875;0
2.4885;0
2.4895;1
2.4905;1
2.4915;0
2.4925;0
2.4935;1
2.4945;1
2.4955;0
2.4965;0
2.4975;1
2.4985;0
2.4995;0
2.5005;0
2.5015;0
2.5025;0
2.5035;0
2.5045;0
2.5055;0
2.5065;0
2.5075;0
2.5085;0
2.5095;1
2.5105;1
2.5115;0
2.5125;0
2.5135;0
2.5145;0
2.5155;0
2.5165;0
2.5175;0
2.5185;0
2.5195;0
2.5205;0
2.5215;0
2.5225;0
2.5235;0
2.5245;0
2.5255;2
2.5265;0
2.5275;0
2.5285;1
2.5295;1
2.5305;0
2.5315;0
2.5325;1
2.5335;0
2.5345;0
2.5355;0
2.5365;1
2.5375;0
2.5385;2
2.5395;2
2.5405;0
2.5415;0
2.5425;0
2.5435;0
2.5445;0
2.5455;2
2.5465;0
2.5475;0
2.5485;0
2.5495;0
2.5505;0
2.5515;0
2.5525;1
2.5535;1
2.5545;0
2.5555;0
2.5565;0
2.5575;0
2.5585;0
2.5595;0
2.5605;0
2.5615;0
2.5625;1
2.5635;0
2.5645;0
2.5655;0
2.5665;0
2.5675;0
2.5685;0
2.5695;2
2.5705;0
2.5715;0
2.5725;0
2.5735;0
2.5745;0
2.5755;0
2.5765;0
2.5775;1
2.5785;0
2.5795;0
2.5805;0
2.5815;0
2.5825;0
2.5835;0
2.5845;0
2.5855;1
2.5865;0
2.5875;0
2.5885;0
2.5895;1
2.5905;1
2.5915;0
2.5925;0
2.5935;1
2.5945;0
2.5955;0
2.5965;0
2.5975;0
2.5985;0
2.5995;0
2.6005;0
2.6015;1
2.6025;0
2.6035;0
2.6045;0
2.6055;0
2.6065;0
2.6075;0
2.6085;1
2.6095;0
2.6105;0
2.6115;0
2.6125;0
2.6135;0
2.6145;0
2.6155;0
2.6165;0
2.6175;0
2.6185;0
2.6195;1
2.6205;0
2.6215;0
2.6225;0
2.6235;1
2.6245;0
2.6255;1
2.6265;0
2.6275;0
2.6285;1
2.6295;0
2.6305;0
2.6315;0
2.6325;0
2.6335;0
2.6345;0
2.6355;0
2.6365;1
2.6375;0
2.6385;0
2.6395;0
2.6405;0
2.6415;0
2.6425;0
2.6435;0
2.6445;0
2.6455;0
2.6465;1
2.6475;0
2.6485;0
2.6495;0
2.6505;0
2.6515;0
2.6525;0
2.6535;0
2.6545;0
2.6555;0
2.6565;0
2.6575;0
2.6585;0
2.6595;0
2.6605;0
2.6615;0
2.6625;1
2.6635;1
2.6645;0
2.6655;0
2.6665;0
2.6675;0
2.6685;0
2.6695;0
2.6705;0
2.6715;0
2.6725;0
2.6735;0
2.6745;0
2.6755;0
2.6765;0
2.6775;0
2.6785;1
2.6795;0
2.6805;0
2.6815;0
2.6825;0
2.6835;1
2.6845;1
2.6855;0
2.6865;0
2.6875;0
2.6885;0
2.6895;0
2.6905;0
2.6915;0
2.6925;0
2.6935;0
2.6945;0
2.6955;0
2.6965;0
2.6975;0
2.6985;0
2.6995;0
2.7005;0
2.7015;0
2.7025;0
2.7035;0
2.7045;0
2.7055;0
2.7065;0
2.7075;1
2.7085;0
2.7095;0
2.7105;0
2.7115;0
2.7125;0
2.7135;0
2.7145;0
2.7155;0
2.7165;0
2.7175;0
2.7185;0
2.7195;0
2.7205;0
2.7215;0
2.7225;1
2.7235;0
2.7245;0
2.7255;0
2.7265;0
2.7275;0
2.7285;0
2.7295;0
2.7305;0
2.7315;0
2.7325;0
2.7335;0
2.7345;0
2.7355;1
2.7365;0
2.7375;0
2.7385;1
2.7395;0
2.7405;0
2.7415;0
2.7425;0
2.7435;0
2.7445;0
2.7455;0
2.7465;0
2.7475;0
2.7485;0
2.7495;0
2.7505;0
2.7515;0
2.7525;1
2.7535;0
2.7545;0
2.7555;0
2.7565;0
2.7575;0
2.7585;0
2.7595;0
2.7605;0
2.7615;0
2.7625;0
2.7635;0
2.7645;0
2.7655;0
2.7665;0
2.7675;0
2.7685;0
2.7695;0
2.7705;0
2.7715;0
2.7725;0
2.7735;0
2.7745;0
2.7755;0
2.7765;0
2.7775;0
2.7785;0
2.7795;0
2.7805;0
2.7815;0
2.7825;0
2.7835;0
2.7845;0
2.7855;0
2.7865;0
2.7875;0
2.7885;0
2.7895;0
2.7905;0
2.7915;0
2.7925;0
2.7935;0
2.7945;0
2.7955;0
2.7965;0
2.7975;0
2.7985;0
2.7995;0
2.8005;0
2.8015;0
2.8025;0
2.8035;0
2.8045;0
2.8055;0
2.8065;0
2.8075;0
2.8085;0
2.8095;0
2.8105;0
2.8115;0
2.8125;0
2.8135;0
2.8145;0
2.8155;0
2.8165;0
2.8175;0
2.8185;0
2.8195;0
2.8205;0
2.8215;0
2.8225;0
2.8235;0
2.8245;0
2.8255;0
2.8265;0
2.8275;0
2.8285;0
2.8295;0
2.8305;0
2.8315;0
2.8325;0
2.8335;0
2.8345;0
2.8355;0
2.8365;0
2.8375;0
2.8385;0
2.8395;0
2.8405;0
2.8415;0
2.8425;0
2.8435;0
2.8445;0
2.8455;0
2.8465;0
2.8475;0
2.8485;0
2.8495;0
2.8505;0
2.8515;0
2.8525;0
2.8535;0
2.8545;0
2.8555;0
2.8565;0
2.8575;0
2.8585;0
2.8595;0
2.8605;0
2.8615;0
2.8625;0
2.8635;0
2.8645;0
2.8655;0
2.8665;0
2.8675;0
2.8685;0
2.8695;0
2.8705;0
2.8715;0
2.8725;0
2.8735;0
2.8745;0
2.8755;0
2.8765;0
2.8775;0
2.8785;0
2.8795;0
2.8805;0
2.8815;0
2.8825;0
2.8835;0
2.8845;0
2.8855;0
2.8865;0
2.8875;0
2.8885;0
2.8895;0
2.8905;0
2.8915;0
2.8925;0
2.8935;0
2.8945;0
2.8955;0
2.8965;0
2.8975;0
2.8985;0
2.8995;0
2.9005;0
2.9015;0
2.9025;0
2.9035;0
2.9045;0
2.9055;0
2.9065;0
2.9075;0
2.9085;0
2.9095;0
2.9105;0
2.9115;0
2.9125;0
2.9135;0
2.9145;0
2.9155;0
2.9165;0
2.9175;0
2.9185;0
2.9195;0
2.9205;0
2.9215;0
2.9225;0
2.9235;0
2.9245;0
2.9255;0
2.9265;0
2.9275;0
2.9285;0
2.9295;0
2.9305;0
2.9315;0
2.9325;0
2.9335;0
2.9345;0
2.9355;0
2.9365;0
2.9375;0
2.9385;0
2.9395;0
2.9405;0
2.9415;0
2.9425;0
2.9435;0
2.9445;0
2.9455;0
2.9465;0
2.9475;0
2.9485;0
2.9495;0
2.9505;0
2.9515;0
2.9525;0
2.9535;0
2.9545;0
2.9555;0
2.9565;0
2.9575;0
2.9585;0
2.9595;0
2.9605;0
2.9615;0
2.9625;0
2.9635;0
2.9645;0
2.9655;0
2.9665;0
2.9675;0
2.9685;0
2.9695;0
2.9705;0
2.9715;0
2.9725;0
2.9735;0
2.9745;0
2.9755;0
2.9765;0
2.9775;0
2.9785;0
2.9795;0
2.9805;0
2.9815;0
2.9825;0
2.9835;0
2.9845;0
2.9855;0
2.9865;0
2.9875;0
2.9885;0
2.9895;0
2.9905;0
2.9915;0
2.9925;0
2.9935;0
2.9945;0
2.9955;0
2.9965;0
2.9975;0
2.9985;0
2.9995;0
3.0005;0
3.0015;0
3.0025;0
3.0035;0
3.0045;0
3.0055;0
3.0065;0
3.0075;0
3.0085;0
3.0095;0
3.0105;0
3.0115;0
3.0125;0
3.0135;0
3.0145;0
3.0155;0
3.0165;0
3.0175;0
3.0185;0
3.0195;0
3.0205;0
3.0215;0
3.0225;0
3.0235;0
3.0245;0
3.0255;0
3.0265;0
3.0275;0
3.0285;0
3.0295;0
3.0305;0
3.0315;0
3.0325;0
3.0335;0
3.0345;0
3.0355;0
3.0365;0
3.0375;0
3.0385;0
3.0395;0
3.0405;0
3.0415;0
3.0425;0
3.0435;0
3.0445;0
3.0455;0
3.0465;0
3.0475;0
3.0485;0
3.0495;0
3.0505;0
3.0515;0
3.0525;0
3.0535;0
3.0545;0
3.0555;0
3.0565;0
3.0575;0
3.0585;0
3.0595;0
3.0605;0
3.0615;0
3.0625;0
3.0635;0
3.0645;0
3.0655;0
3.0665;0
3.0675;0
3.0685;0
3.0695;0
3.0705;0
3.0715;0
3.0725;0
3.0735;0
3.0745;0
3.0755;0
3.0765;0
3.0775;0
3.0785;0
3.0795;0
3.0805;0
3.0815;0
3.0825;0
3.0835;0
3.0845;0
3.0855;0
3.0865;0
3.0875;0
3.0885;0
3.0895;0
3.0905;0
3.0915;0
3.0925;0
3.0935;0
3.0945;0
3.0955;0
3.0965;0
3.0975;0
3.0985;0
3.0995;0
3.1005;0
3.1015;0
3.1025;0
3.1035;0
3.1045;0
3.1055;0
3.1065;0
3.1075;0
3.1085;0
3.1095;0
3.1105;0
3.1115;0
3.1125;0
3.1135;0
3.1145;0
3.1155;0
3.1165;0
3.1175;0
3.1185;0
3.1195;0
3.1205;0
3.1215;0
3.1225;0
3.1235;0
3.1245;0
3.1255;0
3.1265;0
3.1275;0
3.1285;0
3.1295;0
3.1305;0
3.1315;0
3.1325;0
3.1335;0
3.1345;0
3.1355;0
3.1365;0
3.1375;0
3.1385;0
3.1395;0
3.1405;0
3.1415;0
3.1425;0
3.1435;0
3.1445;0
3.1455;0
3.1465;0
3.1475;0
3.1485;0
3.1495;0
3.1505;0
3.1515;0
3.1525;0
3.1535;0
3.1545;0
3.1555;0
3.1565;0
3.1575;0
3.1585;0
3.1595;0
3.1605;0
3.1615;0
3.1625;0
3.1635;0
3.1645;0
3.1655;0
3.1665;0
3.1675;0
3.1685;0
3.1695;0
3.1705;0
3.1715;0
3.1725;0
3.1735;0
3.1745;0
3.1755;0
3.1765;0
3.1775;0
3.1785;0
3.1795;0
3.1805;0
3.1815;0
3.1825;0
3.1835;0
3.1845;0
3.1855;0
3.1865;0
3.1875;0
3.1885;0
3.1895;0
3.1905;0
3.1915;0
3.1925;0
3.1935;0
3.1945;0
3.1955;0
3.1965;0
3.1975;0
3.1985;0
3.1995;0
3.2005;0
3.2015;0
3.2025;0
3.2035;0
3.2045;0
3.2055;0
3.2065;0
3.2075;0
3.2085;0
3.2095;0
3.2105;0
3.2115;0
3.2125;0
3.2135;0
3.2145;0
3.2155;0
3.2165;0
3.2175;0
3.2185;0
3.2195;0
3.2205;0
3.2215;0
3.2225;0
3.2235;0
3.2245;0
3.2255;0
3.2265;0
3.2275;0
3.2285;0
3.2295;0
3.2305;0
3.2315;0
3.2325;0
3.2335;0
3.2345;0
3.2355;0
3.2365;0
3.2375;0
3.2385;0
3.2395;0
3.2405;0
3.2415;0
3.2425;0
3.2435;0
3.2445;0
3.2455;0
3.2465;0
3.2475;0
3.2485;0
3.2495;0
3.2505;0
3.2515;0
3.2525;0
3.2535;0
3.2545;0
3.2555;0
3.2565;0
3.2575;0
3.2585;0
3.2595;0
3.2605;0
3.2615;0
3.2625;0
3.2635;0
3.2645;0
3.2655;0
3.2665;0
3.2675;0
3.2685;0
3.2695;0
3.2705;0
3.2715;0
3.2725;0
3.2735;0
3.2745;0
3.2755;0
3.2765;0
3.2775;0
3.2785;0
3.2795;0
3.2805;0
3.2815;0
3.2825;0
3.2835;0
3.2845;0
3.2855;0
3.2865;0
3.2875;0
3.2885;0
3.2895;0
3.2905;0
3.2915;0
3.2925;0
3.2935;0
3.2945;0
3.2955;0
3.2965;0
3.2975;0
3.2985;0
3.2995;0
3.3005;0
3.3015;0
3.3025;0
3.3035;0
3.3045;0
3.3055;0
3.3065;0
3.3075;0
3.3085;0
3.3095;0
3.3105;0
3.3115;0
3.3125;0
3.3135;0
3.3145;0
3.3155;0
3.3165;0
3.3175;0
3.3185;0
3.3195;0
3.3205;0
3.3215;0
3.3225;0
3.3235;0
3.3245;0
3.3255;0
3.3265;0
3.3275;0
3.3285;0
3.3295;0
3.3305;0
3.3315;0
3.3325;0
3.3335;0
3.3345;0
3.3355;0
3.3365;0
3.3375;0
3.3385;0
3.3395;0
3.3405;0
3.3415;0
3.3425;0
3.3435;0
3.3445;0
3.3455;0
3.3465;0
3.3475;0
3.3485;0
3.3495;0
3.3505;0
3.3515;0
3.3525;0
3.3535;0
3.3545;0
3.3555;0
3.3565;0
3.3575;0
3.3585;0
3.3595;0
3.3605;0
3.3615;0
3.3625;0
3.3635;0
3.3645;0
3.3655;0
3.3665;0
3.3675;0
3.3685;0
3.3695;0
3.3705;0
3.3715;0
3.3725;0
3.3735;0
3.3745;0
3.3755;0
3.3765;0
3.3775;0
3.3785;0
3.3795;0
3.3805;0
3.3815;0
3.3825;0
3.3835;0
3.3845;0
3.3855;0
3.3865;0
3.3875;0
3.3885;0
3.3895;0
3.3905;0
3.3915;0
3.3925;0
3.3935;0
3.3945;0
3.3955;0
3.3965;0
3.3975;0
3.3985;0
3.3995;0
3.4005;0
3.4015;0
3.4025;0
3.4035;0
3.4045;0
3.4055;0
3.4065;0
3.4075;0
3.4085;0
3.4095;0
3.4105;0
3.4115;0
3.4125;0
3.4135;0
3.4145;0
3.4155;0
3.4165;0
3.4175;0
3.4185;0
3.4195;0
3.4205;0
3.4215;0
3.4225;0
3.4235;0
3.4245;0
3.4255;0
3.4265;0
3.4275;0
3.4285;0
3.4295;0
3.4305;0
3.4315;0
3.4325;0
3.4335;0
3.4345;0
3.4355;0
3.4365;0
3.4375;0
3.4385;0
3.4395;0
3.4405;0
3.4415;0
3.4425;0
3.4435;0
3.4445;0
3.4455;0
3.4465;0
3.4475;0
3.4485;0
3.4495;0
3.4505;0
3.4515;0
3.4525;0
3.4535;0
3.4545;0
3.4555;0
3.4565;0
3.4575;0
3.4585;0
3.4595;0
3.4605;0
3.4615;0
3.4625;0
3.4635;0
3.4645;0
3.4655;0
3.4665;0
3.4675;0
3.4685;0
3.4695;0
3.4705;0
3.4715;0
3.4725;0
3.4735;0
3.4745;0
3.4755;0
3.4765;0
3.4775;0
3.4785;0
3.4795;0
3.4805;0
3.4815;0
3.4825;0
3.4835;0
3.4845;0
3.4855;0
3.4865;0
3.4875;0
3.4885;0
3.4895;0
3.4905;0
3.4915;0
3.4925;0
3.4935;0
3.4945;0
3.4955;0
3.4965;0
3.4975;0
3.4985;0
3.4995;0
3.5005;0
3.5015;0
3.5025;0
3.5035;0
3.5045;0
3.5055;0
3.5065;0
3.5075;0
3.5085;0
3.5095;0
3.5105;0
3.5115;0
3.5125;0
3.5135;0
3.5145;0
3.5155;0
3.5165;0
3.5175;0
3.5185;0
3.5195;0
3.5205;0
3.5215;0
3.5225;0
3.5235;0
3.5245;0
3.5255;0
3.5265;0
3.5275;0
3.5285;0
3.5295;0
3.5305;0
3.5315;0
3.5325;0
3.5335;0
3.5345;0
3.5355;0
3.5365;0
3.5375;0
3.5385;0
3.5395;0
3.5405;0
3.5415;0
3.5425;0
3.5435;0
3.5445;0
3.5455;0
3.5465;0
3.5475;0
3.5485;0
3.5495;0
3.5505;0
3.5515;0
3.5525;0
3.5535;0
3.5545;0
3.5555;0
3.5565;0
3.5575;0
3.5585;0
3.5595;0
3.5605;0
3.5615;0
3.5625;0
3.5635;0
3.5645;0
3.5655;0
3.5665;0
3.5675;0
3.5685;0
3.5695;0
3.5705;0
3.5715;0
3.5725;0
3.5735;0
3.5745;0
3.5755;0
3.5765;0
3.5775;0
3.5785;0
3.5795;0
3.5805;0
3.5815;0
3.5825;0
3.5835;0
3.5845;0
3.5855;0
3.5865;0
3.5875;0
3.5885;0
3.5895;0
3.5905;0
3.5915;0
3.5925;0
3.5935;0
3.5945;0
3.5955;0
3.5965;0
3.5975;0
3.5985;0
3.5995;0
3.6005;0
3.6015;0
3.6025;0
3.6035;0
3.6045;0
3.6055;0
3.6065;0
3.6075;0
3.6085;0
3.6095;0
3.6105;0
3.6115;0
3.6125;0
3.6135;0
3.6145;0
3.6155;0
3.6165;0
3.6175;0
3.6185;0
3.6195;0
3.6205;0
3.6215;0
3.6225;0
3.6235;0
3.6245;0
3.6255;0
3.6265;0
3.6275;0
3.6285;0
3.6295;0
3.6305;0
3.6315;0
3.6325;0
3.6335;0
3.6345;0
3.6355;0
3.6365;0
3.6375;0
3.6385;0
3.6395;0
3.6405;0
3.6415;0
3.6425;0
3.6435;0
3.6445;0
3.6455;0
3.6465;0
3.6475;0
3.6485;0
3.6495;0
3.6505;0
3.6515;0
3.6525;0
3.6535;0
3.6545;0
3.6555;0
3.6565;0
3.6575;0
3.6585;0
3.6595;0
3.6605;0
3.6615;0
3.6625;0
3.6635;0
3.6645;0
3.6655;0
3.6665;0
3.6675;0
3.6685;0
3.6695;0
3.6705;0
3.6715;0
3.6725;0
3.6735;0
3.6745;0
3.6755;0
3.6765;0
3.6775;0
3.6785;0
3.6795;0
3.6805;0
3.6815;0
3.6825;0
3.6835;0
3.6845;0
3.6855;0
3.6865;0
3.6875;0
3.6885;0
3.6895;0
3.6905;0
3.6915;0
3.6925;0
3.6935;0
3.6945;0
3.6955;0
3.6965;0
3.6975;0
3.6985;0
3.6995;0
3.7005;0
3.7015;0
3.7025;0
3.7035;0
3.7045;0
3.7055;0
3.7065;0
3.7075;0
3.7085;0
3.7095;0
3.7105;0
3.7115;0
3.7125;0
3.7135;0
3.7145;0
3.7155;0
3.7165;0
3.7175;0
3.7185;0
3.7195;0
3.7205;0
3.7215;0
3.7225;0
3.7235;0
3.7245;0
3.7255;0
3.7265;0
3.7275;0
3.7285;0
3.7295;0
3.7305;0
3.7315;0
3.7325;0
3.7335;0
3.7345;0
3.7355;0
3.7365;0
3.7375;0
3.7385;0
3.7395;0
3.7405;0
3.7415;0
3.7425;0
3.7435;0
3.7445;0
3.7455;0
3.7465;0
3.7475;0
3.7485;0
3.7495;0
3.7505;0
3.7515;0
3.7525;0
3.7535;0
3.7545;0
3.7555;0
3.7565;0
3.7575;0
3.7585;0
3.7595;0
3.7605;0
3.7615;0
3.7625;0
3.7635;0
3.7645;0
3.7655;0
3.7665;0
3.7675;0
3.7685;0
3.7695;0
3.7705;0
3.7715;0
3.7725;0
3.7735;0
3.7745;0
3.7755;0
3.7765;0
3.7775;0
3.7785;0
3.7795;0
3.7805;0
3.7815;0
3.7825;0
3.7835;0
3.7845;0
3.7855;0
3.7865;0
3.7875;0
3.7885;0
3.7895;0
3.7905;0
3.7915;0
3.7925;0
3.7935;0
3.7945;0
3.7955;0
3.7965;0
3.7975;0
3.7985;0
3.7995;0
3.8005;0
3.8015;0
3.8025;0
3.8035;0
3.8045;0
3.8055;0
3.8065;0
3.8075;0
3.8085;0
3.8095;0
3.8105;0
3.8115;0
3.8125;0
3.8135;0
3.8145;0
3.8155;0
3.8165;0
3.8175;0
3.8185;0
3.8195;0
3.8205;0
3.8215;0
3.8225;0
3.8235;0
3.8245;0
3.8255;0
3.8265;0
3.8275;0
3.8285;0
3.8295;0
3.8305;0
3.8315;0
3.8325;0
3.8335;0
3.8345;0
3.8355;0
3.8365;0
3.8375;0
3.8385;0
3.8395;0
3.8405;0
3.8415;0
3.8425;0
3.8435;0
3.8445;0
3.8455;0
3.8465;0
3.8475;0
3.8485;0
3.8495;0
3.8505;0
3.8515;0
3.8525;0
3.8535;0
3.8545;0
3.8555;0
3.8565;0
3.8575;0
3.8585;0
3.8595;0
3.8605;0
3.8615;0
3.8625;0
3.8635;0
3.8645;0
3.8655;0
3.8665;0
3.8675;0
3.8685;0
3.8695;0
3.8705;0
3.8715;0
3.8725;0
3.8735;0
3.8745;0
3.8755;0
3.8765;0
3.8775;0
3.8785;0
3.8795;0
3.8805;0
3.8815;0
3.8825;0
3.8835;0
3.8845;0
3.8855;0
3.8865;0
3.8875;0
3.8885;0
3.8895;0
3.8905;0
3.8915;0
3.8925;0
3.8935;0
3.8945;0
3.8955;0
3.8965;0
3.8975;0
3.8985;0
3.8995;0
3.9005;0
3.9015;0
3.9025;0
3.9035;0
3.9045;0
3.9055;0
3.9065;0
3.9075;0
3.9085;0
3.9095;0
3.9105;0
3.9115;0
3.9125;0
3.9135;0
3.9145;0
3.9155;0
3.9165;0
3.9175;0
3.9185;0
3.9195;0
3.9205;0
3.9215;0
3.9225;0
3.9235;0
3.9245;0
3.9255;0
3.9265;0
3.9275;0
3.9285;0
3.9295;0
3.9305;0
3.9315;0
3.9325;0
3.9335;0
3.9345;0
3.9355;0
3.9365;0
3.9375;0
3.9385;0
3.9395;0
3.9405;0
3.9415;0
3.9425;0
3.9435;0
3.9445;0
3.9455;0
3.9465;0
3.9475;0
3.9485;0
3.9495;0
3.9505;0
3.9515;0
3.9525;0
3.9535;0
3.9545;0
3.9555;0
3.9565;0
3.9575;0
3.9585;0
3.9595;0
3.9605;0
3.9615;0
3.9625;0
3.9635;0
3.9645;0
3.9655;0
3.9665;0
3.9675;0
3.9685;0
3.9695;0
3.9705;0
3.9715;0
3.9725;0
3.9735;0
3.9745;0
3.9755;0
3.9765;0
3.9775;0
3.9785;0
3.9795;0
3.9805;0
3.9815;0
3.9825;0
3.9835;0
3.9845;0
3.9855;0
3.9865;0
3.9875;0
3.9885;0
3.9895;0
3.9905;0
3.9915;0
3.9925;0
3.9935;0
3.9945;0
3.9955;0
3.9965;0
3.9975;0
3.9985;0
3.9995;0
4.0005;0
4.0015;0
4.0025;0
4.0035;0
4.0045;0
4.0055;0
4.0065;0
4.0075;0
4.0085;0
4.0095;0
4.0105;0
4.0115;0
4.0125;0
4.0135;0
4.0145;0
4.0155;0
4.0165;0
4.0175;0
4.0185;0
4.0195;0
4.0205;0
4.0215;0
4.0225;0
4.0235;0
4.0245;0
4.0255;0
4.0265;0
4.0275;0
4.0285;0
4.0295;0
4.0305;0
4.0315;0
4.0325;0
4.0335;0
4.0345;0
4.0355;0
4.0365;0
4.0375;0
4.0385;0
4.0395;0
4.0405;0
4.0415;0
4.0425;0
4.0435;0
4.0445;0
4.0455;0
4.0465;0
4.0475;0
4.0485;0
4.0495;0
4.0505;0
4.0515;0
4.0525;0
4.0535;0
4.0545;0
4.0555;0
4.0565;0
4.0575;0
4.0585;0
4.0595;0
4.0605;0
4.0615;0
4.0625;0
4.0635;0
4.0645;0
4.0655;0
4.0665;0
4.0675;0
4.0685;0
4.0695;0
4.0705;0
4.0715;0
4.0725;0
4.0735;0
4.0745;0
4.0755;0
4.0765;0
4.0775;0
4.0785;0
4.0795;0
4.0805;0
4.0815;0
4.0825;0
4.0835;0
4.0845;0
4.0855;0
4.0865;0
4.0875;0
4.0885;0
4.0895;0
4.0905;0
4.0915;0
4.0925;0
4.0935;0
4.0945;0
4.0955;0
4.0965;0
4.0975;0
4.0985;0
4.0995;0
4.1005;0
4.1015;0
4.1025;0
4.1035;0
4.1045;0
4.1055;0
4.1065;0
4.1075;0
4.1085;0
4.1095;0
4.1105;0
4.1115;0
4.1125;0
4.1135;0
4.1145;0
4.1155;0
4.1165;0
4.1175;0
4.1185;0
4.1195;0
4.1205;0
4.1215;0
4.1225;0
4.1235;0
4.1245;0
4.1255;0
4.1265;0
4.1275;0
4.1285;0
4.1295;0
4.1305;0
4.1315;0
4.1325;0
4.1335;0
4.1345;0
4.1355;0
4.1365;0
4.1375;0
4.1385;0
4.1395;0
4.1405;0
4.1415;0
4.1425;0
4.1435;0
4.1445;0
4.1455;0
4.1465;0
4.1475;0
4.1485;0
4.1495;0
4.1505;0
4.1515;0
4.1525;0
4.1535;0
4.1545;0
4.1555;0
4.1565;0
4.1575;0
4.1585;0
4.1595;0
4.1605;0
4.1615;0
4.1625;0
4.1635;0
4.1645;0
4.1655;0
4.1665;0
4.1675;0
4.1685;0
4.1695;0
4.1705;0
4.1715;0
4.1725;0
4.1735;0
4.1745;0
4.1755;0
4.1765;0
4.1775;0
4.1785;0
4.1795;0
4.1805;0
4.1815;0
4.1825;0
4.1835;0
4.1845;0
4.1855;0
4.1865;0
4.1875;0
4.1885;0
4.1895;0
4.1905;0
4.1915;0
4.1925;0
4.1935;0
4.1945;0
4.1955;0
4.1965;0
4.1975;0
4.1985;0
4.1995;0
4.2005;0
4.2015;0
4.2025;0
4.2035;0
4.2045;0
4.2055;0
4.2065;0
4.2075;0
4.2085;0
4.2095;0
4.2105;0
4.2115;0
4.2125;0
4.2135;0
4.2145;0
4.2155;0
4.2165;0
4.2175;0
4.2185;0
4.2195;0
4.2205;0
4.2215;0
4.2225;0
4.2235;0
4.2245;0
4.2255;0
4.2265;0
4.2275;0
4.2285;0
4.2295;0
4.2305;0
4.2315;0
4.2325;0
4.2335;0
4.2345;0
4.2355;0
4.2365;0
4.2375;0
4.2385;0
4.2395;0
4.2405;0
4.2415;0
4.2425;0
4.2435;0
4.2445;0
4.2455;0
4.2465;0
4.2475;0
4.2485;0
4.2495;0
4.2505;0
4.2515;0
4.2525;0
4.2535;0
4.2545;0
4.2555;0
4.2565;0
4.2575;0
4.2585;0
4.2595;0
4.2605;0
4.2615;0
4.2625;0
4.2635;0
4.2645;0
4.2655;0
4.2665;0
4.2675;0
4.2685;0
4.2695;0
4.2705;0
4.2715;0
4.2725;0
4.2735;0
4.2745;0
4.2755;0
4.2765;0
4.2775;0
4.2785;0
4.2795;0
4.2805;0
4.2815;0
4.2825;0
4.2835;0
4.2845;0
4.2855;0
4.2865;0
4.2875;0
4.2885;0
4.2895;0
4.2905;0
4.2915;0
4.2925;0
4.2935;0
4.2945;0
4.2955;0
4.2965;0
4.2975;0
4.2985;0
4.2995;0
4.3005;0
4.3015;0
4.3025;0
4.3035;0
4.3045;0
4.3055;0
4.3065;0
4.3075;0
4.3085;0
4.3095;0
4.3105;0
4.3115;0
4.3125;0
4.3135;0
4.3145;0
4.3155;0
4.3165;0
4.3175;0
4.3185;0
4.3195;0
4.3205;0
4.3215;0
4.3225;0
4.3235;0
4.3245;0
4.3255;0
4.3265;0
4.3275;0
4.3285;0
4.3295;0
4.3305;0
4.3315;0
4.3325;0
4.3335;0
4.3345;0
4.3355;0
4.3365;0
4.3375;0
4.3385;0
4.3395;0
4.3405;0
4.3415;0
4.3425;0
4.3435;0
4.3445;0
4.3455;0
4.3465;0
4.3475;0
4.3485;0
4.3495;0
4.3505;0
4.3515;0
4.3525;0
4.3535;0
4.3545;0
4.3555;0
4.3565;0
4.3575;0
4.3585;0
4.3595;0
4.3605;0
4.3615;0
4.3625;0
4.3635;0
4.3645;0
4.3655;0
4.3665;0
4.3675;0
4.3685;0
4.3695;0
4.3705;0
4.3715;0
4.3725;0
4.3735;0
4.3745;0
4.3755;0
4.3765;0
4.3775;0
4.3785;0
4.3795;0
4.3805;0
4.3815;0
4.3825;0
4.3835;0
4.3845;0
4.3855;0
4.3865;0
4.3875;0
4.3885;0
4.3895;0
4.3905;0
4.3915;0
4.3925;0
4.3935;0
4.3945;0
4.3955;0
4.3965;0
4.3975;0
4.3985;0
4.3995;0
4.4005;0
4.4015;0
4.4025;0
4.4035;0
4.4045;0
4.4055;0
4.4065;0
4.4075;0
4.4085;0
4.4095;0
4.4105;0
4.4115;0
4.4125;0
4.4135;0
4.4145;0
4.4155;0
4.4165;0
4.4175;0
4.4185;0
4.4195;0
4.4205;0
4.4215;0
4.4225;0
4.4235;0
4.4245;0
4.4255;0
4.4265;0
4.4275;0
4.4285;0
4.4295;0
4.4305;0
4.4315;0
4.4325;0
4.4335;0
4.4345;0
4.4355;0
4.4365;0
4.4375;0
4.4385;0
4.4395;0
4.4405;0
4.4415;0
4.4425;0
4.4435;0
4.4445;0
4.4455;0
4.4465;0
4.4475;0
4.4485;0
4.4495;0
4.4505;0
4.4515;0
4.4525;0
4.4535;0
4.4545;0
4.4555;0
4.4565;0
4.4575;0
4.4585;0
4.4595;0
4.4605;0
4.4615;0
4.4625;0
4.4635;0
4.4645;0
4.4655;0
4.4665;0
4.4675;0
4.4685;0
4.4695;0
4.4705;0
4.4715;0
4.4725;0
4.4735;0
4.4745;0
4.4755;0
4.4765;0
4.4775;0
4.4785;0
4.4795;0
4.4805;0
4.4815;0
4.4825;0
4.4835;0
4.4845;0
4.4855;0
4.4865;0
4.4875;0
4.4885;0
4.4895;0
4.4905;0
4.4915;0
4.4925;0
4.4935;0
4.4945;0
4.4955;0
4.4965;0
4.4975;0
4.4985;0
4.4995;0
4.5005;0
4.5015;0
4.5025;0
4.5035;0
4.5045;0
4.5055;0
4.5065;0
4.5075;0
4.5085;0
4.5095;0
4.5105;0
4.5115;0
4.5125;0
4.5135;0
4.5145;0
4.5155;0
4.5165;0
4.5175;0
4.5185;0
4.5195;0
4.5205;0
4.5215;0
4.5225;0
4.5235;0
4.5245;0
4.5255;0
4.5265;0
4.5275;0
4.5285;0
4.5295;0
4.5305;0
4.5315;0
4.5325;0
4.5335;0
4.5345;0
4.5355;0
4.5365;0
4.5375;0
4.5385;0
4.5395;0
4.5405;0
4.5415;0
4.5425;0
4.5435;0
4.5445;0
4.5455;0
4.5465;0
4.5475;0
4.5485;0
4.5495;0
4.5505;0
4.5515;0
4.5525;0
4.5535;0
4.5545;0
4.5555;0
4.5565;0
4.5575;0
4.5585;0
4.5595;0
4.5605;0
4.5615;0
4.5625;0
4.5635;0
4.5645;0
4.5655;0
4.5665;0
4.5675;0
4.5685;0
4.5695;0
4.5705;0
4.5715;0
4.5725;0
4.5735;0
4.5745;0
4.5755;0
4.5765;0
4.5775;0
4.5785;0
4.5795;0
4.5805;0
4.5815;0
4.5825;0
4.5835;0
4.5845;0
4.5855;0
4.5865;0
4.5875;0
4.5885;0
4.5895;0
4.5905;0
4.5915;0
4.5925;0
4.5935;0
4.5945;0
4.5955;0
4.5965;0
4.5975;0
4.5985;0
4.5995;0
4.6005;0
4.6015;0
4.6025;0
4.6035;0
4.6045;0
4.6055;0
4.6065;0
4.6075;0
4.6085;0
4.6095;0
4.6105;0
4.6115;0
4.6125;0
4.6135;0
4.6145;0
4.6155;0
4.6165;0
4.6175;0
4.6185;0
4.6195;0
4.6205;0
4.6215;0
4.6225;0
4.6235;0
4.6245;0
4.6255;0
4.6265;0
4.6275;0
4.6285;0
4.6295;0
4.6305;0
4.6315;0
4.6325;0
4.6335;0
4.6345;0
4.6355;0
4.6365;0
4.6375;0
4.6385;0
4.6395;0
4.6405;0
4.6415;0
4.6425;0
4.6435;0
4.6445;0
4.6455;0
4.6465;0
4.6475;0
4.6485;0
4.6495;0
4.6505;0
4.6515;0
4.6525;0
4.6535;0
4.6545;0
4.6555;0
4.6565;0
4.6575;0
4.6585;0
4.6595;0
4.6605;0
4.6615;0
4.6625;0
4.6635;0
4.6645;0
4.6655;0
4.6665;0
4.6675;0
4.6685;0
4.6695;0
4.6705;0
4.6715;0
4.6725;0
4.6735;0
4.6745;0
4.6755;0
4.6765;0
4.6775;0
4.6785;0
4.6795;0
4.6805;0
4.6815;0
4.6825;0
4.6835;0
4.6845;0
4.6855;0
4.6865;0
4.6875;0
4.6885;0
4.6895;0
4.6905;0
4.6915;0
4.6925;0
4.6935;0
4.6945;0
4.6955;0
4.6965;0
4.6975;0
4.6985;0
4.6995;0
4.7005;0
4.7015;0
4.7025;0
4.7035;0
4.7045;0
4.7055;0
4.7065;0
4.7075;0
4.7085;0
4.7095;0
4.7105;0
4.7115;0
4.7125;0
4.7135;0
4.7145;0
4.7155;0
4.7165;0
4.7175;0
4.7185;0
4.7195;0
4.7205;0
4.7215;0
4.7225;0
4.7235;0
4.7245;0
4.7255;0
4.7265;0
4.7275;0
4.7285;0
4.7295;0
4.7305;0
4.7315;0
4.7325;0
4.7335;0
4.7345;0
4.7355;0
4.7365;0
4.7375;0
4.7385;0
4.7395;0
4.7405;0
4.7415;0
4.7425;0
4.7435;0
4.7445;0
4.7455;0
4.7465;0
4.7475;0
4.7485;0
4.7495;0
4.7505;0
4.7515;0
4.7525;0
4.7535;0
4.7545;0
4.7555;0
4.7565;0
4.7575;0
4.7585;0
4.7595;0
4.7605;0
4.7615;0
4.7625;0
4.7635;0
4.7645;0
4.7655;0
4.7665;0
4.7675;0
4.7685;0
4.7695;0
4.7705;0
4.7715;0
4.7725;0
4.7735;0
4.7745;0
4.7755;0
4.7765;0
4.7775;0
4.7785;0
4.7795;0
4.7805;0
4.7815;0
4.7825;0
4.7835;0
4.7845;0
4.7855;0
4.7865;0
4.7875;0
4.7885;0
4.7895;0
4.7905;0
4.7915;0
4.7925;0
4.7935;0
4.7945;0
4.7955;0
4.7965;0
4.7975;0
4.7985;0
4.7995;0
4.8005;0
4.8015;0
4.8025;0
4.8035;0
4.8045;0
4.8055;0
4.8065;0
4.8075;0
4.8085;0
4.8095;0
4.8105;0
4.8115;0
4.8125;0
4.8135;0
4.8145;0
4.8155;0
4.8165;0
4.8175;0
4.8185;0
4.8195;0
4.8205;0
4.8215;0
4.8225;0
4.8235;0
4.8245;0
4.8255;0
4.8265;0
4.8275;0
4.8285;0
4.8295;0
4.8305;0
4.8315;0
4.8325;0
4.8335;0
4.8345;0
4.8355;0
4.8365;0
4.8375;0
4.8385;0
4.8395;0
4.8405;0
4.8415;0
4.8425;0
4.8435;0
4.8445;0
4.8455;0
4.8465;0
4.8475;0
4.8485;0
4.8495;0
4.8505;0
4.8515;0
4.8525;0
4.8535;0
4.8545;0
4.8555;0
4.8565;0
4.8575;0
4.8585;0
4.8595;0
4.8605;0
4.8615;0
4.8625;0
4.8635;0
4.8645;0
4.8655;0
4.8665;0
4.8675;0
4.8685;0
4.8695;0
4.8705;0
4.8715;0
4.8725;0
4.8735;0
4.8745;0
4.8755;0
4.8765;0
4.8775;0
4.8785;0
4.8795;0
4.8805;0
4.8815;0
4.8825;0
4.8835;0
4.8845;0
4.8855;0
4.8865;0
4.8875;0
4.8885;0
4.8895;0
4.8905;0
4.8915;0
4.8925;0
4.8935;0
4.8945;0
4.8955;0
4.8965;0
4.8975;0
4.8985;0
4.8995;0
4.9005;0
4.9015;0
4.9025;0
4.9035;0
4.9045;0
4.9055;0
4.9065;0
4.9075;0
4.9085;0
4.9095;0
4.9105;0
4.9115;0
4.9125;0
4.9135;0
4.9145;0
4.9155;0
4.9165;0
4.9175;0
4.9185;0
4.9195;0
4.9205;0
4.9215;0
4.9225;0
4.9235;0
4.9245;0
4.9255;0
4.9265;0
4.9275;0
4.9285;0
4.9295;0
4.9305;0
4.9315;0
4.9325;0
4.9335;0
4.9345;0
4.9355;0
4.9365;0
4.9375;0
4.9385;0
4.9395;0
4.9405;0
4.9415;0
4.9425;0
4.9435;0
4.9445;0
4.9455;0
4.9465;0
4.9475;0
4.9485;0
4.9495;0
4.9505;0
4.9515;0
4.9525;0
4.9535;0
4.9545;0
4.9555;0
4.9565;0
4.9575;0
4.9585;0
4.9595;0
4.9605;0
4.9615;0
4.9625;0
4.9635;0
4.9645;0
4.9655;0
4.9665;0
4.9675;0
4.9685;0
4.9695;0
4.9705;0
4.9715;0
4.9725;0
4.9735;0
4.9745;0
4.9755;0
4.9765;0
4.9775;0
4.9785;0
4.9795;0
4.9805;0
4.9815;0
4.9825;0
4.9835;0
4.9845;0
4.9855;0
4.9865;0
4.9875;0
4.9885;0
4.9895;0
4.9905;0
4.9915;0
4.9925;0
4.9935;0
4.9945;0
4.9955;0
4.9965;0
4.9975;0
4.9985;0
