# mesh name: boxMeshPS
# primitive scorer name: boxMeshPS
# iX, iY, iZ, total(value) [keV], total(val^2), entry
0,0,0,0,0,0
0,0,1,0,0,0
0,0,2,0,0,0
0,0,3,0,0,0
0,0,4,0,0,0
0,0,5,0,0,0
0,0,6,0,0,0
0,0,7,0,0,0
0,0,8,0,0,0
0,0,9,0,0,0
0,0,10,0,0,0
0,0,11,0,0,0
0,0,12,0,0,0
0,0,13,0,0,0
0,0,14,0,0,0
0,0,15,0,0,0
0,0,16,0,0,0
0,0,17,0,0,0
0,0,18,0,0,0
0,0,19,0,0,0
0,0,20,0,0,0
0,0,21,0,0,0
0,0,22,0,0,0
0,0,23,0,0,0
0,0,24,0,0,0
0,0,25,0,0,0
0,0,26,0,0,0
0,0,27,0,0,0
0,0,28,0,0,0
0,0,29,0,0,0
0,0,30,0,0,0
0,0,31,0,0,0
0,0,32,0,0,0
0,0,33,0,0,0
0,0,34,0,0,0
0,0,35,0,0,0
0,0,36,0,0,0
0,0,37,0,0,0
0,0,38,0,0,0
0,0,39,0,0,0
0,0,40,0,0,0
0,0,41,0,0,0
0,0,42,0,0,0
0,0,43,0,0,0
0,0,44,0,0,0
0,0,45,0,0,0
0,0,46,0,0,0
0,0,47,0,0,0
0,0,48,0,0,0
0,0,49,0,0,0
0,0,50,0,0,0
0,0,51,0,0,0
0,0,52,0,0,0
0,0,53,0,0,0
0,0,54,0,0,0
0,0,55,0,0,0
0,0,56,0,0,0
0,0,57,0,0,0
0,0,58,0,0,0
0,0,59,0,0,0
0,0,60,0,0,0
0,0,61,0,0,0
0,0,62,0,0,0
0,0,63,0,0,0
0,0,64,0,0,0
0,0,65,0,0,0
0,0,66,0,0,0
0,0,67,0,0,0
0,0,68,0,0,0
0,0,69,0,0,0
0,0,70,0,0,0
0,0,71,0,0,0
0,0,72,0,0,0
0,0,73,0,0,0
0,0,74,0,0,0
0,0,75,0,0,0
0,0,76,0,0,0
0,0,77,0,0,0
0,0,78,0,0,0
0,0,79,0,0,0
0,0,80,0,0,0
0,0,81,0,0,0
0,0,82,0,0,0
0,0,83,0,0,0
0,0,84,0,0,0
0,0,85,0,0,0
0,0,86,0,0,0
0,0,87,0,0,0
0,0,88,0,0,0
0,0,89,0,0,0
0,0,90,0,0,0
0,0,91,0,0,0
0,0,92,0,0,0
0,0,93,0,0,0
0,0,94,0,0,0
0,0,95,0,0,0
0,0,96,0,0,0
0,0,97,0,0,0
0,0,98,0,0,0
0,0,99,0,0,0
0,0,100,0,0,0
0,0,101,0,0,0
0,0,102,0,0,0
0,0,103,0,0,0
0,0,104,0,0,0
0,0,105,0,0,0
0,0,106,0,0,0
0,0,107,0,0,0
0,0,108,0,0,0
0,0,109,0,0,0
0,0,110,0,0,0
0,0,111,0,0,0
0,0,112,0,0,0
0,0,113,0,0,0
0,0,114,0,0,0
0,0,115,0,0,0
0,0,116,0,0,0
0,0,117,0,0,0
0,0,118,0,0,0
0,0,119,0,0,0
0,0,120,0,0,0
0,0,121,0,0,0
0,0,122,0,0,0
0,0,123,0,0,0
0,0,124,0,0,0
0,0,125,0,0,0
0,0,126,0,0,0
0,0,127,0,0,0
0,0,128,0,0,0
0,0,129,0,0,0
0,0,130,0,0,0
0,0,131,0,0,0
0,0,132,0,0,0
0,0,133,0,0,0
0,0,134,0,0,0
0,0,135,0,0,0
0,0,136,0,0,0
0,0,137,0,0,0
0,0,138,0,0,0
0,0,139,0,0,0
0,0,140,0,0,0
0,0,141,0,0,0
0,0,142,0,0,0
0,0,143,0,0,0
0,0,144,0,0,0
0,0,145,0,0,0
0,0,146,0,0,0
0,0,147,0,0,0
0,0,148,0,0,0
0,0,149,0,0,0
0,0,150,0,0,0
0,0,151,0,0,0
0,0,152,0,0,0
0,0,153,0,0,0
0,0,154,0,0,0
0,0,155,0,0,0
0,0,156,0,0,0
0,0,157,0,0,0
0,0,158,0,0,0
0,0,159,0,0,0
0,0,160,0,0,0
0,0,161,0,0,0
0,0,162,0,0,0
0,0,163,0,0,0
0,0,164,0,0,0
0,0,165,0,0,0
0,0,166,0,0,0
0,0,167,0,0,0
0,0,168,0,0,0
0,0,169,0,0,0
0,0,170,0,0,0
0,0,171,0,0,0
0,0,172,0,0,0
0,0,173,0,0,0
0,0,174,0,0,0
0,0,175,0,0,0
0,0,176,0,0,0
0,0,177,0,0,0
0,0,178,0,0,0
0,0,179,0,0,0
0,0,180,0,0,0
0,0,181,0,0,0
0,0,182,0,0,0
0,0,183,0,0,0
0,0,184,0,0,0
0,0,185,0,0,0
0,0,186,0,0,0
0,0,187,0,0,0
0,0,188,0,0,0
0,0,189,0,0,0
0,0,190,0,0,0
0,0,191,0,0,0
0,0,192,0,0,0
0,0,193,0,0,0
0,0,194,0,0,0
0,0,195,0,0,0
0,0,196,0,0,0
0,0,197,0,0,0
0,0,198,0,0,0
0,0,199,0,0,0
0,0,200,0,0,0
0,0,201,0,0,0
0,0,202,0,0,0
0,0,203,0,0,0
0,0,204,0,0,0
0,0,205,0,0,0
0,0,206,0,0,0
0,0,207,0,0,0
0,0,208,0,0,0
0,0,209,0,0,0
0,0,210,0,0,0
0,0,211,0,0,0
0,0,212,0,0,0
0,0,213,0,0,0
0,0,214,0,0,0
0,0,215,0,0,0
0,0,216,0,0,0
0,0,217,0,0,0
0,0,218,0,0,0
0,0,219,0,0,0
0,0,220,0,0,0
0,0,221,0,0,0
0,0,222,0,0,0
0,0,223,0,0,0
0,0,224,0,0,0
0,0,225,0,0,0
0,0,226,0,0,0
0,0,227,0,0,0
0,0,228,0,0,0
0,0,229,0,0,0
0,0,230,0,0,0
0,0,231,0,0,0
0,0,232,0,0,0
0,0,233,0,0,0
0,0,234,0,0,0
0,0,235,0,0,0
0,0,236,0,0,0
0,0,237,0,0,0
0,0,238,0,0,0
0,0,239,0,0,0
0,0,240,0,0,0
0,0,241,0,0,0
0,0,242,0,0,0
0,0,243,0,0,0
0,0,244,0,0,0
0,0,245,0,0,0
0,0,246,0,0,0
0,0,247,0,0,0
0,0,248,0,0,0
0,0,249,0,0,0
0,0,250,0,0,0
0,0,251,0,0,0
0,0,252,0,0,0
0,0,253,0,0,0
0,0,254,0,0,0
0,0,255,0,0,0
0,0,256,0,0,0
0,0,257,0,0,0
0,0,258,0,0,0
0,0,259,0,0,0
0,0,260,0,0,0
0,0,261,0,0,0
0,0,262,0,0,0
0,0,263,0,0,0
0,0,264,0,0,0
0,0,265,0,0,0
0,0,266,0,0,0
0,0,267,0,0,0
0,0,268,0,0,0
0,0,269,0,0,0
0,0,270,0,0,0
0,0,271,0,0,0
0,0,272,0,0,0
0,0,273,0,0,0
0,0,274,0,0,0
0,0,275,0,0,0
0,0,276,0,0,0
0,0,277,0,0,0
0,0,278,0,0,0
0,0,279,0,0,0
0,0,280,0,0,0
0,0,281,0,0,0
0,0,282,0,0,0
0,0,283,0,0,0
0,0,284,0,0,0
0,0,285,0,0,0
0,0,286,0,0,0
0,0,287,0,0,0
0,0,288,0,0,0
0,0,289,0,0,0
0,0,290,0,0,0
0,0,291,0,0,0
0,0,292,0,0,0
0,0,293,0,0,0
0,0,294,0,0,0
0,0,295,0,0,0
0,0,296,0,0,0
0,0,297,0,0,0
0,0,298,0,0,0
0,0,299,0,0,0
0,0,300,0,0,0
0,0,301,0,0,0
0,0,302,0,0,0
0,0,303,0,0,0
0,0,304,0,0,0
0,0,305,0,0,0
0,0,306,0,0,0
0,0,307,0,0,0
0,0,308,0,0,0
0,0,309,0,0,0
0,0,310,0,0,0
0,0,311,0,0,0
0,0,312,0,0,0
0,0,313,0,0,0
0,0,314,0,0,0
0,0,315,0,0,0
0,0,316,0,0,0
0,0,317,0,0,0
0,0,318,0,0,0
0,0,319,0,0,0
0,0,320,0,0,0
0,0,321,0,0,0
0,0,322,0,0,0
0,0,323,0,0,0
0,0,324,0,0,0
0,0,325,0,0,0
0,0,326,0,0,0
0,0,327,0,0,0
0,0,328,0,0,0
0,0,329,0,0,0
0,0,330,0,0,0
0,0,331,0,0,0
0,0,332,0,0,0
0,0,333,0,0,0
0,0,334,0,0,0
0,0,335,0,0,0
0,0,336,0,0,0
0,0,337,0,0,0
0,0,338,0,0,0
0,0,339,0,0,0
0,0,340,0,0,0
0,0,341,0,0,0
0,0,342,0,0,0
0,0,343,0,0,0
0,0,344,0,0,0
0,0,345,0,0,0
0,0,346,0,0,0
0,0,347,0,0,0
0,0,348,0,0,0
0,0,349,0,0,0
0,0,350,0,0,0
0,0,351,0,0,0
0,0,352,1531.861320740657,2346599.10598131,1
0,0,353,36.70404510918568,1347.186927377137,1
0,0,354,149.5785104768381,12975.85561821564,2
0,0,355,232.8368263274055,39042.5054356612,2
0,0,356,161.5572768884149,16448.44466300692,2
0,0,357,144.185693705102,12780.08123159265,2
0,0,358,134.3262833934409,10761.69640957333,2
0,0,359,123.0174505532002,8590.859204386947,2
0,0,360,116.8197155929524,7751.225072471427,2
0,0,361,116.7520773655176,7740.198284830704,2
0,0,362,100.9152139624935,5943.571508376916,2
0,0,363,107.5325651638345,6076.14821928968,2
0,0,364,86.1157234328027,4021.533429225194,2
0,0,365,109.952284074207,6132.501634403137,2
0,0,366,92.41745082990663,4591.237905623785,2
0,0,367,89.70237901744417,4081.92641452261,2
0,0,368,77.36708284196639,3084.077580354288,2
0,0,369,97.30164222004674,4888.600950240653,2
0,0,370,117.8901519635764,5072.374941988901,3
0,0,371,265.4666289441632,35595.88390538927,3
0,0,372,214.7735692199473,21379.42887659943,3
0,0,373,194.8580789246757,16043.46088549992,3
0,0,374,165.2460396708233,11941.28840192179,3
0,0,375,169.1243056061691,11298.47114816542,3
0,0,376,158.0910244767623,9876.753929538105,3
0,0,377,141.9084480867411,8052.942323233017,3
0,0,378,151.1357123749535,8503.268289344347,3
0,0,379,146.3052599604609,7486.483006968498,3
0,0,380,305.103682703501,35306.80544795661,5
0,0,381,380.3418133307348,42104.22516704496,5
0,0,382,334.9879605541836,29274.90756846599,5
0,0,383,289.7740849922007,20834.56380365014,5
0,0,384,331.8473792616134,19338.05831896664,24
0,0,385,268.1015118428287,16954.13144095867,23
0,0,386,271.0682142060484,16087.5956766335,24
0,0,387,237.7259277577064,12566.9199554418,24
0,0,388,244.2087673250688,12986.74250757562,25
0,0,389,246.6518559275998,14081.90026967784,25
0,0,390,238.076960372536,12323.35541540115,26
0,0,391,240.7229932169546,12126.0690285813,26
0,0,392,213.3676221366651,10081.46544524223,26
0,0,393,232.7416250808384,11628.1226632096,29
0,0,394,187.8867579187487,7837.277435057075,29
0,0,395,246.8252902870463,10757.10830192566,30
0,0,396,375.9564927877037,40093.07329355018,33
0,0,397,325.0869741008646,25711.90989114431,35
0,0,398,456.5482569925952,43824.84647804913,38
0,0,399,454.8581750906753,39435.3003789956,45
0,0,400,436.1424419048876,29185.92064175097,100000
0,0,401,559.2306812615772,58971.21865410767,100000
0,0,402,501.0267031022743,39116.46840307806,100000
0,0,403,531.174917971862,35820.56348181839,100000
0,0,404,506.62467790991,33047.20796548237,100000
0,0,405,788.5903626074992,78817.76426649754,100000
0,0,406,696.7180209412005,58271.55791525896,100000
0,0,407,769.8389658776251,60167.92361705378,100000
0,0,408,868.1607907901964,73869.23294699356,100000
0,0,409,847.1072154589114,71869.96243016615,100000
0,0,410,751.1402228403496,52219.25116124914,100000
0,0,411,766.8963917635484,52497.63658136739,100000
0,0,412,722.2735598770959,42827.90575423255,100000
0,0,413,1003.707072471053,70412.82183979363,100000
0,0,414,1044.53767400358,84416.42672581195,100000
0,0,415,972.3047113875436,68497.04304854051,100000
0,0,416,997.2140100793113,60969.00413107815,100000
0,0,417,1125.527971451562,72751.37771918804,100000
0,0,418,1101.812300544638,66501.92800317585,100000
0,0,419,1381.424429100654,96271.99316795624,100000
0,0,420,1519.27780910709,151501.0872309254,100000
0,0,421,1475.158542873588,112567.5080323684,100000
0,0,422,1502.268320383554,119077.7764682638,100000
0,0,423,1449.447115346773,128977.3118717732,100000
0,0,424,1286.429679168679,107168.2409926014,100000
0,0,425,1761132.642673881,32967720.88673618,100000
0,0,426,1808546.412970724,34848533.94311197,100000
0,0,427,1811575.386552883,35019095.19862278,100000
0,0,428,1817202.541519682,35883708.26324975,100000
0,0,429,1823784.821134831,35414858.20337898,99998
0,0,430,1830853.51983873,36128771.53342055,99998
0,0,431,1835831.06613645,36324977.24641109,99998
0,0,432,1841905.125947,36117435.62916743,99997
0,0,433,1846833.178793214,37019810.00068416,99997
0,0,434,1853333.052688361,36780032.0547042,99996
0,0,435,1861222.283371665,37575593.04947876,99996
0,0,436,1866483.174216147,37028335.48340558,99996
0,0,437,1870306.48394754,37235096.82955048,99995
0,0,438,1878449.446641576,37811911.0197864,99995
0,0,439,1885453.904429904,37705549.9336047,99993
0,0,440,1891063.88592643,38773965.06496558,99993
0,0,441,1896637.946201653,38132165.89823849,99993
0,0,442,1901923.218285143,39062881.40015721,99992
0,0,443,1908455.617277833,38582428.94932355,99992
0,0,444,1916847.523172878,38913921.86787245,99991
0,0,445,1919573.355513768,38981913.9624612,99991
0,0,446,1928796.751524986,39365388.66691471,99991
0,0,447,1934736.115885014,39588883.31113943,99991
0,0,448,1942019.860699788,39861863.29373325,99991
0,0,449,1948223.282237425,40729085.45797013,99991
0,0,450,1957613.338602675,40528309.94604938,99991
0,0,451,1963243.650724018,41413923.69972879,99989
0,0,452,1969930.089922522,41262679.50930242,99989
0,0,453,1980958.143480531,42203076.11422234,99988
0,0,454,1985607.208300661,42014057.04268604,99987
0,0,455,1995292.295101902,42466571.87303036,99984
0,0,456,1996809.072407449,42735905.84807057,99983
0,0,457,2005852.047887963,42552211.43773766,99981
0,0,458,2014220.216389399,43999478.45890746,99981
0,0,459,2020741.712874182,43185456.17612912,99981
0,0,460,2029374.562308626,43785895.84119068,99979
0,0,461,2036513.261810719,44480136.3665598,99979
0,0,462,2045718.782595341,44703494.64463604,99977
0,0,463,2053570.067505811,44863905.55964939,99976
0,0,464,2062930.026555743,45188606.89543686,99975
0,0,465,2067113.305640839,44930802.98425687,99974
0,0,466,2080180.066172162,45469883.23268713,99974
0,0,467,2086173.421229467,46500986.225609,99974
0,0,468,2095515.280633781,46438860.72193483,99974
0,0,469,2104528.322761879,46748111.65232686,99970
0,0,470,2109055.943510462,46674768.41749083,99969
0,0,471,2119320.035805852,47623571.69842352,99969
0,0,472,2128817.610312322,47641569.02170695,99969
0,0,473,2136171.844955494,47895105.12702433,99968
0,0,474,2145543.728316925,48656145.1744446,99968
0,0,475,2153758.926382178,49097281.00613903,99968
0,0,476,2166349.406442623,49145146.08290898,99967
0,0,477,2174512.425190489,49481350.31437562,99966
0,0,478,2183897.811373156,49917531.790844,99966
0,0,479,2193239.501237193,50597396.75259119,99966
0,0,480,2205640.767609068,50976136.10053552,99966
0,0,481,2213518.403450923,51221472.92967372,99965
0,0,482,2225797.112793552,51842728.67789204,99964
0,0,483,2236491.246425424,52303839.98765597,99963
0,0,484,2246416.643371738,52697649.68910564,99962
0,0,485,2254837.039941758,53055859.97047597,99962
0,0,486,2268363.801851897,53900174.72240645,99962
0,0,487,2280481.3276997,54667169.0543811,99962
0,0,488,2294637.694939412,54989165.95192099,99960
0,0,489,2302114.202808062,55474046.77667005,99960
0,0,490,2318626.107119889,56224088.39919119,99960
0,0,491,2329646.348648654,57648368.87718921,99959
0,0,492,2339853.260787304,57148619.97895723,99958
0,0,493,2353751.603196869,57720509.69750744,99957
0,0,494,2368534.152686479,58604426.13782775,99957
0,0,495,2381605.217622804,59264296.13148847,99956
0,0,496,2394531.782563875,59833206.20717424,99954
0,0,497,2412116.313262221,60512451.7899684,99953
0,0,498,2423723.883649135,61266345.89720491,99952
0,0,499,2438685.289615321,61766926.16789901,99951
0,0,500,2453096.010847557,62537939.62671447,99951
0,0,501,2470942.613063059,63429214.25406536,99951
0,0,502,2487571.064581749,64207378.7787322,99949
0,0,503,2502812.413124377,64952781.55153457,99949
0,0,504,2519619.285754368,66204487.69813569,99948
0,0,505,2536056.138810842,67038578.73923749,99947
0,0,506,2553849.743281529,68081341.86697444,99946
0,0,507,2575211.030829866,69050801.28562684,99946
0,0,508,2595265.565945892,76617428.28889641,99946
0,0,509,2610634.218207145,70812921.96001543,99944
0,0,510,2632065.970830125,71744655.86455974,99943
0,0,511,2651875.343408658,73156845.92067692,99942
0,0,512,2672770.156077032,74245890.76045083,99942
0,0,513,2695740.380473698,75583042.44991575,99940
0,0,514,2717262.28651973,76426506.39871755,99939
0,0,515,2736777.81324888,77565385.37909044,99935
0,0,516,2764178.111571942,79181092.2460071,99935
0,0,517,2786192.44767023,80630805.10941486,99934
0,0,518,2813429.286908808,82722554.3398457,99932
0,0,519,2838407.624327167,83253054.14767894,99929
0,0,520,2863940.278636589,84734413.4967702,99929
0,0,521,2892631.289585821,86374707.61851767,99929
0,0,522,2921295.890790678,87896293.63566245,99928
0,0,523,2947211.952193714,89521334.54186007,99928
0,0,524,2977020.600309117,91224129.82798287,99928
0,0,525,3009113.923552179,93214538.99402905,99926
0,0,526,3042804.743057955,95707520.34326962,99926
0,0,527,3068272.381075994,96893300.50146297,99925
0,0,528,3106197.162388698,99672067.24643624,99924
0,0,529,3142507.230981887,101778315.3445343,99923
0,0,530,3179888.747730628,104100351.2532772,99920
0,0,531,3217246.216828573,107090344.8721682,99919
0,0,532,3252102.29473142,108625353.6637704,99915
0,0,533,3292354.17178204,111499146.5006682,99909
0,0,534,3336207.615295194,114088457.7329741,99907
0,0,535,3378529.845085549,116935645.5428086,99902
0,0,536,3417297.099646854,119504083.354269,99902
0,0,537,3464792.855894703,123028959.2627502,99900
0,0,538,3509549.45221501,126017930.8014453,99897
0,0,539,3557520.74035595,129426061.0201211,99896
0,0,540,3606006.892880004,132904961.9785107,99892
0,0,541,3658935.031339637,136968587.1668137,99891
0,0,542,3716257.655018838,141146983.7242877,99889
0,0,543,3775974.432635118,145695480.1308675,99885
0,0,544,3840931.406840612,150939509.0881834,99884
0,0,545,3914457.25738718,156721800.0948759,99882
0,0,546,3983944.25184681,162333781.58042,99878
0,0,547,4066989.618189547,169007414.6487477,99875
0,0,548,4146681.550492115,175766090.341624,99872
0,0,549,4234414.286232691,182827248.3838576,99867
0,0,550,4324232.007135557,190663041.3142979,99863
0,0,551,4427653.995211845,199845334.7913017,99860
0,0,552,4532824.854991306,209424720.2764547,99852
0,0,553,4652677.012044429,220892714.8171506,99850
0,0,554,4781506.010822842,233270104.193598,99845
0,0,555,4920443.602026836,247069170.3379532,99837
0,0,556,5076545.112516548,264475374.4819898,99826
0,0,557,5248017.48483006,281226069.6416323,99816
0,0,558,5441801.454841439,302715721.339382,99803
0,0,559,5664103.013820335,329039971.9957323,99783
0,0,560,5929971.547028687,362094716.8192766,99770
0,0,561,6245687.772223602,404071447.6290922,99749
0,0,562,6641984.80288337,460343507.6208991,99699
0,0,563,7133105.846277053,538255806.2782439,99574
0,0,564,7713583.164495506,639399248.9302895,99247
0,0,565,8352302.614940834,766365667.7123636,98331
0,0,566,8909380.235391619,901314184.2738792,96078
0,0,567,9140822.570649933,1006367047.268914,91288
0,0,568,8745388.223335898,1026810899.232222,82874
0,0,569,7598640.310680066,932827904.4287876,69976
0,0,570,5901333.356661857,745476577.1036065,54012
0,0,571,3980365.767648885,510436078.8962221,37123
0,0,572,2330386.078423432,300025648.6589867,22356
0,0,573,1163408.884067344,148506117.8982447,11726
0,0,574,490537.0354716777,62401861.21536221,5172
0,0,575,176612.5634611629,21861889.27920402,2002
0,0,576,56763.60405324407,6981793.580733715,655
0,0,577,13384.28124179686,1529402.142219955,182
0,0,578,2939.455915512229,353289.4966194736,40
0,0,579,956.0445285342253,118355.5813971586,12
0,0,580,178.6395127890897,20197.13539500698,3
0,0,581,0,0,0
0,0,582,0,0,0
0,0,583,0,0,0
0,0,584,0,0,0
0,0,585,0,0,0
0,0,586,0,0,0
0,0,587,0,0,0
0,0,588,0,0,0
0,0,589,0,0,0
0,0,590,0,0,0
0,0,591,0,0,0
0,0,592,0,0,0
0,0,593,0,0,0
0,0,594,0,0,0
0,0,595,0,0,0
0,0,596,0,0,0
0,0,597,0,0,0
0,0,598,0,0,0
0,0,599,0,0,0
0,0,600,0,0,0
0,0,601,0,0,0
0,0,602,0,0,0
0,0,603,0,0,0
0,0,604,0,0,0
0,0,605,0,0,0
0,0,606,0,0,0
0,0,607,0,0,0
0,0,608,0,0,0
0,0,609,0,0,0
0,0,610,0,0,0
0,0,611,0,0,0
0,0,612,0,0,0
0,0,613,0,0,0
0,0,614,0,0,0
0,0,615,0,0,0
0,0,616,0,0,0
0,0,617,0,0,0
0,0,618,0,0,0
0,0,619,0,0,0
0,0,620,0,0,0
0,0,621,0,0,0
0,0,622,0,0,0
0,0,623,0,0,0
0,0,624,0,0,0
0,0,625,0,0,0
0,0,626,0,0,0
0,0,627,0,0,0
0,0,628,0,0,0
0,0,629,0,0,0
0,0,630,0,0,0
0,0,631,0,0,0
0,0,632,0,0,0
0,0,633,0,0,0
0,0,634,0,0,0
0,0,635,0,0,0
0,0,636,0,0,0
0,0,637,0,0,0
0,0,638,0,0,0
0,0,639,0,0,0
0,0,640,0,0,0
0,0,641,0,0,0
0,0,642,0,0,0
0,0,643,0,0,0
0,0,644,0,0,0
0,0,645,0,0,0
0,0,646,0,0,0
0,0,647,0,0,0
0,0,648,0,0,0
0,0,649,0,0,0
0,0,650,0,0,0
0,0,651,0,0,0
0,0,652,0,0,0
0,0,653,0,0,0
0,0,654,0,0,0
0,0,655,0,0,0
0,0,656,0,0,0
0,0,657,0,0,0
0,0,658,0,0,0
0,0,659,0,0,0
0,0,660,0,0,0
0,0,661,0,0,0
0,0,662,0,0,0
0,0,663,0,0,0
0,0,664,0,0,0
0,0,665,0,0,0
0,0,666,0,0,0
0,0,667,0,0,0
0,0,668,0,0,0
0,0,669,0,0,0
0,0,670,0,0,0
0,0,671,0,0,0
0,0,672,0,0,0
0,0,673,0,0,0
0,0,674,0,0,0
0,0,675,0,0,0
0,0,676,0,0,0
0,0,677,0,0,0
0,0,678,0,0,0
0,0,679,0,0,0
0,0,680,0,0,0
0,0,681,0,0,0
0,0,682,0,0,0
0,0,683,0,0,0
0,0,684,0,0,0
0,0,685,0,0,0
0,0,686,0,0,0
0,0,687,0,0,0
0,0,688,0,0,0
0,0,689,0,0,0
0,0,690,0,0,0
0,0,691,0,0,0
0,0,692,0,0,0
0,0,693,0,0,0
0,0,694,0,0,0
0,0,695,0,0,0
0,0,696,0,0,0
0,0,697,0,0,0
0,0,698,0,0,0
0,0,699,0,0,0
0,0,700,0,0,0
0,0,701,0,0,0
0,0,702,0,0,0
0,0,703,0,0,0
0,0,704,0,0,0
0,0,705,0,0,0
0,0,706,0,0,0
0,0,707,0,0,0
0,0,708,0,0,0
0,0,709,0,0,0
0,0,710,0,0,0
0,0,711,0,0,0
0,0,712,0,0,0
0,0,713,0,0,0
0,0,714,0,0,0
0,0,715,0,0,0
0,0,716,0,0,0
0,0,717,0,0,0
0,0,718,0,0,0
0,0,719,0,0,0
0,0,720,0,0,0
0,0,721,0,0,0
0,0,722,0,0,0
0,0,723,0,0,0
0,0,724,0,0,0
0,0,725,0,0,0
0,0,726,0,0,0
0,0,727,0,0,0
0,0,728,0,0,0
0,0,729,0,0,0
0,0,730,0,0,0
0,0,731,0,0,0
0,0,732,0,0,0
0,0,733,0,0,0
0,0,734,0,0,0
0,0,735,0,0,0
0,0,736,0,0,0
0,0,737,0,0,0
0,0,738,0,0,0
0,0,739,0,0,0
0,0,740,0,0,0
0,0,741,0,0,0
0,0,742,0,0,0
0,0,743,0,0,0
0,0,744,0,0,0
0,0,745,0,0,0
0,0,746,0,0,0
0,0,747,0,0,0
0,0,748,0,0,0
0,0,749,0,0,0
0,0,750,0,0,0
0,0,751,0,0,0
0,0,752,0,0,0
0,0,753,0,0,0
0,0,754,0,0,0
0,0,755,0,0,0
0,0,756,0,0,0
0,0,757,0,0,0
0,0,758,0,0,0
0,0,759,0,0,0
0,0,760,0,0,0
0,0,761,0,0,0
0,0,762,0,0,0
0,0,763,0,0,0
0,0,764,0,0,0
0,0,765,0,0,0
0,0,766,0,0,0
0,0,767,0,0,0
0,0,768,0,0,0
0,0,769,0,0,0
0,0,770,0,0,0
0,0,771,0,0,0
0,0,772,0,0,0
0,0,773,0,0,0
0,0,774,0,0,0
0,0,775,0,0,0
0,0,776,0,0,0
0,0,777,0,0,0
0,0,778,0,0,0
0,0,779,0,0,0
0,0,780,0,0,0
0,0,781,0,0,0
0,0,782,0,0,0
0,0,783,0,0,0
0,0,784,0,0,0
0,0,785,0,0,0
0,0,786,0,0,0
0,0,787,0,0,0
0,0,788,0,0,0
0,0,789,0,0,0
0,0,790,0,0,0
0,0,791,0,0,0
0,0,792,0,0,0
0,0,793,0,0,0
0,0,794,0,0,0
0,0,795,0,0,0
0,0,796,0,0,0
0,0,797,0,0,0
0,0,798,0,0,0
0,0,799,0,0,0
0,0,800,0,0,0
0,0,801,0,0,0
0,0,802,0,0,0
0,0,803,0,0,0
0,0,804,0,0,0
0,0,805,0,0,0
0,0,806,0,0,0
0,0,807,0,0,0
0,0,808,0,0,0
0,0,809,0,0,0
0,0,810,0,0,0
0,0,811,0,0,0
0,0,812,0,0,0
0,0,813,0,0,0
0,0,814,0,0,0
0,0,815,0,0,0
0,0,816,0,0,0
0,0,817,0,0,0
0,0,818,0,0,0
0,0,819,0,0,0
0,0,820,0,0,0
0,0,821,0,0,0
0,0,822,0,0,0
0,0,823,0,0,0
0,0,824,0,0,0
0,0,825,0,0,0
0,0,826,0,0,0
0,0,827,0,0,0
0,0,828,0,0,0
0,0,829,0,0,0
0,0,830,0,0,0
0,0,831,0,0,0
0,0,832,0,0,0
0,0,833,0,0,0
0,0,834,0,0,0
0,0,835,0,0,0
0,0,836,0,0,0
0,0,837,0,0,0
0,0,838,0,0,0
0,0,839,0,0,0
0,0,840,0,0,0
0,0,841,0,0,0
0,0,842,0,0,0
0,0,843,0,0,0
0,0,844,0,0,0
0,0,845,0,0,0
0,0,846,0,0,0
0,0,847,0,0,0
0,0,848,0,0,0
0,0,849,0,0,0
0,0,850,0,0,0
0,0,851,0,0,0
0,0,852,0,0,0
0,0,853,0,0,0
0,0,854,0,0,0
0,0,855,0,0,0
0,0,856,0,0,0
0,0,857,0,0,0
0,0,858,0,0,0
0,0,859,0,0,0
0,0,860,0,0,0
0,0,861,0,0,0
0,0,862,0,0,0
0,0,863,0,0,0
0,0,864,0,0,0
0,0,865,0,0,0
0,0,866,0,0,0
0,0,867,0,0,0
0,0,868,0,0,0
0,0,869,0,0,0
0,0,870,0,0,0
0,0,871,0,0,0
0,0,872,0,0,0
0,0,873,0,0,0
0,0,874,0,0,0
0,0,875,0,0,0
0,0,876,0,0,0
0,0,877,0,0,0
0,0,878,0,0,0
0,0,879,0,0,0
0,0,880,0,0,0
0,0,881,0,0,0
0,0,882,0,0,0
0,0,883,0,0,0
0,0,884,0,0,0
0,0,885,0,0,0
0,0,886,0,0,0
0,0,887,0,0,0
0,0,888,0,0,0
0,0,889,0,0,0
0,0,890,0,0,0
0,0,891,0,0,0
0,0,892,0,0,0
0,0,893,0,0,0
0,0,894,0,0,0
0,0,895,0,0,0
0,0,896,0,0,0
0,0,897,0,0,0
0,0,898,0,0,0
0,0,899,0,0,0
0,0,900,0,0,0
0,0,901,0,0,0
0,0,902,0,0,0
0,0,903,0,0,0
0,0,904,0,0,0
0,0,905,0,0,0
0,0,906,0,0,0
0,0,907,0,0,0
0,0,908,0,0,0
0,0,909,0,0,0
0,0,910,0,0,0
0,0,911,0,0,0
0,0,912,0,0,0
0,0,913,0,0,0
0,0,914,0,0,0
0,0,915,0,0,0
0,0,916,0,0,0
0,0,917,0,0,0
0,0,918,0,0,0
0,0,919,0,0,0
0,0,920,0,0,0
0,0,921,0,0,0
0,0,922,0,0,0
0,0,923,0,0,0
0,0,924,0,0,0
0,0,925,0,0,0
0,0,926,0,0,0
0,0,927,0,0,0
0,0,928,0,0,0
0,0,929,0,0,0
0,0,930,0,0,0
0,0,931,0,0,0
0,0,932,0,0,0
0,0,933,0,0,0
0,0,934,0,0,0
0,0,935,0,0,0
0,0,936,0,0,0
0,0,937,0,0,0
0,0,938,0,0,0
0,0,939,0,0,0
0,0,940,0,0,0
0,0,941,0,0,0
0,0,942,0,0,0
0,0,943,0,0,0
0,0,944,0,0,0
0,0,945,0,0,0
0,0,946,0,0,0
0,0,947,0,0,0
0,0,948,0,0,0
0,0,949,0,0,0
0,0,950,0,0,0
0,0,951,0,0,0
0,0,952,0,0,0
0,0,953,0,0,0
0,0,954,0,0,0
0,0,955,0,0,0
0,0,956,0,0,0
0,0,957,0,0,0
0,0,958,0,0,0
0,0,959,0,0,0
0,0,960,0,0,0
0,0,961,0,0,0
0,0,962,0,0,0
0,0,963,0,0,0
0,0,964,0,0,0
0,0,965,0,0,0
0,0,966,0,0,0
0,0,967,0,0,0
0,0,968,0,0,0
0,0,969,0,0,0
0,0,970,0,0,0
0,0,971,0,0,0
0,0,972,0,0,0
0,0,973,0,0,0
0,0,974,0,0,0
0,0,975,0,0,0
0,0,976,0,0,0
0,0,977,0,0,0
0,0,978,0,0,0
0,0,979,0,0,0
0,0,980,0,0,0
0,0,981,0,0,0
0,0,982,0,0,0
0,0,983,0,0,0
0,0,984,0,0,0
0,0,985,0,0,0
0,0,986,0,0,0
0,0,987,0,0,0
0,0,988,0,0,0
0,0,989,0,0,0
0,0,990,0,0,0
0,0,991,0,0,0
0,0,992,0,0,0
0,0,993,0,0,0
0,0,994,0,0,0
0,0,995,0,0,0
0,0,996,0,0,0
0,0,997,0,0,0
0,0,998,0,0,0
0,0,999,0,0,0
