0.046875403351678446 182.85398318045534
0.046920005182246094 197.03295756584836
0.04696460701281374 212.31140657643007
0.04700920884338139 228.7745863399417
0.04705381067394904 246.51436396645164
0.047098412504516685 265.6297301811556
0.04711949700623952 166.7258731123637
0.04714301433508433 286.227351708057
0.05294437131800883 309.54287209425706
0.06273338147441121 355.65783499012133
0.07199535706296978 377.409222775667
0.08316676404954171 347.07415961238314
0.09118042901045531 310.87694858045035
0.09576103700975258 282.2984781251232
0.0987118535729894 263.3170845857996
0.1098416032221371 225.83725900765882
0.11278400757470897 207.70585340562633
0.12532833385688746 191.46221188084235
0.13175116640495632 172.9669296083587
0.13563482011773564 160.7211273612618
0.14592766999640272 148.57903119565768
0.15442967673165287 137.18072549822594
0.16506728090056744 129.32020883457525
0.17798572807476776 119.22121216737318
0.18380615638079445 108.63554930126934
0.18778779128438172 101.22111949322549
0.1962552460820558 95.31422271125484
0.19979784784268773 87.91475020925849
0.20330843990572545 104.39266307853627
0.20946732197415974 80.075119968765
0.21024886768706097 84.68798788207002
0.21580495588286663 92.91648740708983
0.22589093240272773 99.83695743809038
0.23257445814522892 89.39630805905256
0.23316914020899338 81.713158481502
0.2336127932660792 74.51424125145579
0.25536666034013655 82.26071277683074
0.25883445266677096 79.10984384847048
0.26792251007834333 66.59519161794853
0.2683802580862146 58.57799348649948
0.2719936821475054 62.550350119708675
0.2916163476104492 54.96446273341185
0.2934102840806796 60.79914888409371
0.30594797450215516 59.8940123964327
0.3139254579174843 50.49384329401292
0.31460640622889613 57.97107838160628
0.31753976910058423 45.80811013526313
0.331466229932619 50.0315456975892
0.3377736107036986 43.36194005803593
0.3415930648118729 40.16680596447513
0.3450528321879317 30.931452112489584
0.3452993586696147 28.318355929899067
0.34554953439198044 26.084918910853652
0.3458451904658191 33.31098099665361
0.3466483613086926 36.5289705930642
0.3568804267120973 42.55578869431844
0.36781801198084496 32.14829512350856
0.36869501236901403 35.19615489296159
0.3701970220178994 37.62296141979876
0.3878642689526036 38.192150769901474
0.4008964865716209 35.69380816587042
0.40208212937470045 41.39066972724473
0.40310964485090883 38.63191548816571
0.41391805858437614 33.093062555717076
0.4139513973264165 34.99297717325085
0.4239513973264165 35.99297717325085
0.43513553100534574 38.782522705152346
0.4467615143519187 35.03629712476415
0.45191138458958213 38.460517029548484
0.4623916321486833 35.05055735121818
0.4633672971923506 22.728586898094616
0.4660393523145394 21.93986478935023
0.46612118377227507 31.597574842575593
0.46626763259280846 25.028579389649863
0.46691658922756774 27.236092722680763
0.4683331178367287 29.368519993071004
0.4746576423937695 42.09983631909177
0.4754503385643126 45.364197928066
0.4838486199774882 33.56567174974964
0.4856094191540613 36.65886673795659
0.49220767430594103 29.26090461274165
0.5004738480575586 32.561496173125555
0.5089173065356997 35.894470441811066
0.5118682400617789 30.411352541011365
0.5135281377334724 40.00199680216438
0.5181396967000422 32.37231719841522
0.5216408364326315 27.149843923893464
0.534919138812698 30.20443194892609
0.5355163333643378 18.681973689361516
0.5355482642203124 19.70801456541349
0.5355928660508801 21.236225375205773
0.5356415345189407 33.302258717081465
0.5360926092888312 23.124966530895826
0.5379395305455187 25.207180342537583
0.5384159591902187 27.360056677404973
0.546054167486066 35.601131914391935
0.5517032499875071 32.31565887660192
0.5540405886448452 29.395106890484893
0.5620549293910706 33.863814752752035
0.5661555946620475 30.862387568310666
0.5664287470850087 27.94352248813483
0.5775551388194106 25.654098785834908
0.5796841408155882 19.64801159148021
0.5810034668254095 20.899404964284418
0.5810607154953806 28.061887066971835
0.5834103365507575 22.942754675355072
0.5888606295622255 27.43287415677709
0.5961600324532651 25.418551767455245
0.6004638633629295 22.554246630131676
0.6085367946956733 17.365604477861808
0.6125638744549392 24.415013778593263
0.6126447584480158 21.163300945476415
0.6155897970468381 19.55024359825495
0.6195044524107883 26.170403830950747
0.6219570124637598 22.472856914159618
0.6245846684909745 20.138762319060167
0.6353314795662485 31.834074437465258
0.6353717615691702 28.086043071578334
0.6386815500915969 25.137552610812694
0.6505472420127055 26.029764999818386
0.6535946114023418 28.539999669022137
0.658265808422663 31.447358895027868
0.6674154820081345 35.522330777904266
0.6685495038238763 31.969570150971006
0.6690840396086793 27.63755440234768
0.6750400285579107 24.988623185226984
0.6866879870592392 20.523550212185054
0.6873929662963326 19.094028370727205
0.6876653978816282 22.80958619968183
0.6887552143275185 26.624256673729953
0.6888572579095745 18.100841806270353
0.6953038339146503 32.34651478744923
0.6986835142333451 29.319097050654918
0.7137638170499615 29.287500479337325
0.721205411314071 24.467827737853664
0.7229303110854272 26.236561670247244
0.7323591634093766 29.879305980173562
0.7349581492447453 32.10940563999578
0.7494551681554226 31.071830863261805
0.751629396002412 34.91782522759475
0.7548885786016944 38.33726335969953
0.760123918128414 28.23362266850144
0.7676276627001121 31.303432526957074
0.7696691015181957 34.86343375032347
0.7733018136185893 41.22064434390399
0.7742868608149996 29.723846958138935
0.7759186796069951 38.35493321142913
0.7827169108956747 32.393672336454365
0.7854310336535127 30.86352734748074
0.7858914123970614 35.6635908556751
0.7961350675185609 38.429256296284095
0.7978141237038391 40.62906432446297
0.8042931478005698 43.837627401137965
0.8106016712631766 45.6743489291242
0.8186468953981435 33.57262281601717
0.819353564098516 31.32268076404012
0.8215783221212848 40.47600066082494
0.823234515969636 35.988241330984856
0.8308740326290537 46.11585518786345
0.8377280991432315 38.35611891843352
0.838228450587963 41.81005429152553
0.8531601297840433 43.20649593884246
0.8534420674160555 41.97278260762747
0.8675166481013942 50.470865532477866
0.8701858410740281 45.7109412652055
0.8737588770249297 41.51978591186704
0.8861794731600515 47.233647846622354
0.8957627250361747 50.00232960178119
0.9025172105836629 46.17666015327349
0.9122787957383528 49.75304912625136
0.9142425684442547 43.88161804747049
0.9242162425067194 55.61809732370016
0.9273601405875648 50.11438618052838
0.9300362504216234 60.37155597876799
0.9412810927453928 53.550427675471155
0.9423044569689728 48.6578336808242
0.9491684083792088 60.600443408842935
0.9560056662696351 54.63801346114206
0.966869658517946 50.96220916376733
0.9689445052656139 55.877127355479345
0.9752877359355171 71.91000178955427
0.9770078573415654 61.65018203348925
0.9776416088068128 65.40120769625283
0.9897726985144321 66.7202743799338
0.9958490390385949 53.41230222212399
0.996194956644986 50.954749174495625
0.9998074902597486 59.449011523648785
1.0084205887177022 78.23680322273047
1.0114460312874947 69.14059033125413
1.014713115376575 64.02413056179218
1.0292297079260995 62.13831315866415
1.029268115057977 66.26575123204476
1.0452777506677284 72.0817278329901
1.046252981277981 78.24732231998043
1.0508519658107165 55.03087796750176
1.0513998587521218 59.75262256031499
1.0523152099567255 52.076996991487675
1.0545846659795104 66.92928401893576
1.0618899512745128 80.15451437382157
1.0647866459406763 74.53909396963401
1.0748680805309014 71.95563990802212
1.077269210103632 81.40903081176886
1.0793709989635634 76.69419832529064
1.0857445584248033 69.58119412169054
1.0945480751144485 79.99319097006345
1.1039872600422256 89.80338427460312
1.1117965659890259 98.68196577791764
1.1210237667917569 85.95744409098803
1.1242070760283718 78.78322703125421
1.1250942469854808 74.47774972086093
1.1382761152741554 86.61721432128941
1.140208185480108 96.06520223089981
1.142099708567363 80.79283009009544
1.1516703490970093 76.84333091220975
1.1554699942482363 84.84553769230676
1.1709362111784998 93.09705526425222
1.1760548794429182 86.60088040532094
1.1835684632732248 91.46231917674606
1.1885899085574758 96.84228929820469
1.2024385516869596 105.37283220402182
1.2067729710972293 93.55558003242902
1.2136204333458616 113.34485459114477
1.2202225179478403 104.6505467967379
1.230052491090825 108.50407068422119
1.2345014561114165 101.54029928889688
1.2362284930538205 113.13986236293083
1.239237629889451 93.12852503608386
1.252982731446104 106.45469580778048
1.2531967864435631 100.34298327860368
1.2550854712325092 91.30560530665994
1.2698654535207612 104.373339858054
1.2771138423001513 96.70826646301317
1.285824039181763 115.70090946558057
1.2878932112099948 106.33114689591996
1.3001842357020248 94.51040483826904
1.304325228680884 109.8110613322691
1.305825932835417 102.55476464477277
1.30586445259818 88.77651848197704
1.31751908831915 98.01756380353545
1.3176414983810356 120.31520103435403
1.3210035303063998 105.3700819880491
1.3340335496355507 107.7139626315295
1.338368326246628 99.57335625461045
1.3648608481962214 100.03771588110533
1.365309569643144 84.63092044976506
1.366017116864422 79.07543281946118
1.3771229726757657 98.92843609929348
1.3896476090313645 93.4038886161423
1.4019053716238972 98.18021076284352
1.4171758670490524 96.9875846654265
1.4272006916235571 86.47140403019822
1.4313635291432036 80.76758987105939
1.4438885341089724 88.81581447232556
1.4518042327258769 79.79044011088
1.4521702155244793 96.99624974873534
1.4599289066873142 72.82951234515158
1.4618506373779994 89.98124089843306
1.4715877476075319 79.85950192317438
1.4719353140049378 87.80417594282189
1.4721018950842546 94.18540896619443
1.4803375063720168 70.28512908930445
1.4825556180698745 60.0303411693282
1.4840901012508176 64.00521030990221
1.4949005938286248 80.59592458067524
1.5003184998290329 71.90596768659596
1.5128617509982156 68.98446652142508
1.5168900493163924 63.002497896681874
1.521274737499772 58.47684312619494
1.525907921596314 56.39596507863222
1.5365738931532715 64.21348548469432
1.5458834596228144 58.93463453706553
1.5540616445178448 54.12184153335581
1.5570850235289178 51.354183238396715
1.568775011269003 58.46899288069876
1.5720897382225525 53.281480348986584
1.5787381755534065 49.277994314169526
1.5865179959777715 57.75801032336958
1.5874584477796652 52.49939997566753
1.589380732614305 46.48694457477606
1.598162549223244 41.2997510524966
1.6027447115287576 39.20411031553073
1.6081239626093402 49.77510753652621
1.6103173083114029 45.70521158350706
1.6203394059188967 42.14491086886439
1.6217149062733216 35.178454970769074
1.6229281211171158 38.21903836669604
1.6267233314272356 32.604263795963234
1.6363400267258692 29.552702664338653
1.6448495153699265 32.65194565194952
1.6454958364419703 28.539163001457155
1.650377439219068 25.99191753308847
1.6507067719276027 22.495624373865365
1.6519381653962801 19.073400846984814
1.6532591720929477 24.20065646705579
1.653682299707068 20.685216372275217
1.6615387094259653 23.500474224560975
1.6629132567498228 19.169720828315064
1.6661500431307648 12.521787331550353
1.6674484519761785 13.65136858494858
1.6678863608581151 14.745613995250414
1.6689716720685945 17.599466229856436
1.6696241850235563 15.800048403168704
1.6707182527222115 19.982244554965035
1.677652134396495 13.195051651441197
1.6776967362270625 14.218230343671717
1.6777413380576305 15.320748978169172
1.679938123024225 9.892395103408925
1.681108341832073 11.72516884267988
1.6823126202196268 10.661421150452545
1.684488009998784 8.872325745598022
1.6851533513555985 6.437664098891928
1.6861532064416713 7.466425622801199
1.6864103120352327 6.02322870494939
1.686572500510024 8.160597096313873
1.6870755100436483 6.925289378180869
1.6930412864592839 4.121565608413511
1.6954536710754784 4.4323242937511775
1.6974058796837177 4.8764547942261975
1.7007329059299399 7.226349158176034
1.7027760301887707 7.8337558787793045
1.7031785729727322 4.392212263496057
1.7032231748033002 4.732795848803354
1.7036783162106834 6.679715940576196
1.7061104192768641 3.318502142346228
1.7068006132967461 5.46878088290268
1.707858386255777 3.9848316255134155
1.7081408645160385 3.6647415728838526
1.7098618362852709 2.955330197117807
1.7104166391314872 6.200921982296241
1.715144838642844 2.0601033357026792
1.7154988149890769 2.257845776894229
1.7155434168196444 2.4329250225301124
1.7155880186502124 2.6215803691407045
1.717128809160731 2.8248434439851424
1.7179661071618413 3.279908015966877
1.7180107089924093 3.534240631182282
1.7180155521204759 7.145770313130835
1.7181573544050335 2.975761021775626
1.7196537361665016 7.730782666996677
1.7220907628113813 8.53563979399236
1.7251050066531528 6.47331798405334
1.7253355459851774 9.523029799319424
1.728165734870288 7.258137593341882
1.7282035788477392 5.854002877279578
1.7282103367008554 7.820952497516478
1.7282549385314234 8.427409536093666
1.7282950994870858 3.9104067057109195
1.7311287155691342 5.051699410445032
1.7322312593050602 5.426480154030686
1.73860215775193 4.133938612929602
1.739685982234724 2.0724761210028686
1.7401778187845287 2.2271197989896883
1.7401789772736347 4.565120213435331
1.7402224206150962 2.399816472224924
1.7406042006998645 2.658635919245753
1.7457855979313281 3.1384657038659545
1.7461661390763576 3.697684204156267
1.746411684864833 3.3797485085917875
1.7541665747352901 5.34665349979246
1.7578139811436801 4.575060593044594
1.757860867772206 4.948719140720789
1.7580550434184152 4.150410051152822
1.7587017699616458 5.780708270947889
1.7595109746019446 6.403521047754989
1.7611584185157527 1.260040965394279
1.762081082682836 1.0790432560047138
1.7623256686952669 1.3588929841946493
1.7623702705258348 1.4642650875541439
1.7624148723564024 1.5778080184148064
1.76245947418697 1.7001553640347977
1.7625040760175374 1.8319898416794405
1.7629842214814517 1.1696852587394244
1.763339549398307 2.120623050651247
1.763462226958545 1.9714337800604527
1.7641127829518752 2.362520055315423
1.7641492753587031 1.020007001821877
1.7649658492769245 2.6367994393286662
1.765759198706602 2.8443627144221453
1.765807652513446 3.0847543502044354
1.7658522543440136 3.323954241593254
1.7679039385501252 3.6553664557364254
1.7719627051317808 4.102496716106489
1.7720073069623483 4.4206150028513065
1.7800643573402688 5.0319260691576515
1.7886948340812854 5.647523427370516
1.7901815392406966 6.38858362733298
1.7905816524155616 7.29822494855272
1.8034805597401795 5.779416206506736
1.8039067649116647 5.02541841711391
1.8072272100486209 2.1182400854212338
1.807528610297608 2.3110792313127453
1.807573212128176 2.4902863377341453
1.8081310729029276 4.1743324379926285
1.808369963010589 2.701660055571835
1.8087889064604585 5.448618221791166
1.8089008768460388 3.513203687396063
1.8090596694996397 3.147549725088871
1.8093359981135655 3.891487167773795
1.8096009735342555 2.860198885425547
1.8134823464716088 4.652160277259161
1.8156299246134409 6.530288166162014
1.8156745264440084 7.0366637289293115
1.815719128274576 7.582304972481818
1.816330488719831 6.030686301452241
1.819275921526752 5.574708611651818
1.8205620761318486 5.038314971649607
1.8254598132832607 4.159237661394413
1.826422409121705 4.5543120586677315
1.8342873916599838 2.0698908994108627
1.8345309639944478 2.6022960958556927
1.8354915252364004 2.250373935365316
1.835536127066968 2.424873794936934
1.8361916581274018 2.865928064241206
1.836740781963481 1.0656427686897874
1.8370428579977802 1.1639725158939807
1.8370874598283478 1.2542299781658008
1.8371320616589157 1.3514862392790987
1.8371766634894833 1.4562840043353726
1.8376449827104437 3.1901258538840316
1.8377078307444248 1.0127332785179528
1.8379734143718958 1.5798923458982166
1.8380146372759052 1.6927966498771247
1.838373614433444 1.8708830892793664
1.838445788304726 3.4844787395265717
1.8384903901352936 3.754674301771639
1.8531370230869277 2.2145588936839613
1.8550287489097768 2.6020298267793263
1.8559912023506016 4.050049288106369
1.8567163199899812 5.9168238297500135
1.856742270145948 6.17958900806138
1.8567989347443281 6.794634312425962
1.8568636411879167 7.5721745007615775
1.857214796130473 5.328054009089983
1.858028695065169 2.864689345366911
1.8595465088750922 2.4106312334638624
1.8647041023734596 1.128792400411271
1.8647487042040272 1.2163219048468543
1.8647933060345951 1.310638675164052
1.8650167206586201 1.9052417679912492
1.8650730811536103 1.023456195996499
1.8656306040357058 1.5217743503131256
1.8656752058662733 1.6397766992810638
1.8657198076968413 1.7669292579099078
1.866028371270132 1.3970022225973298
1.8678947744519463 3.2186495656429703
1.868499988468891 4.334301736029947
1.868783818299776 3.0244261020785386
1.8690643920741596 3.5710308479990562
1.8705500958426091 4.753881532849533
1.8711936687210518 3.9906048510933183
1.8726276851523331 2.3685644930361764
1.8726716111975894 2.549342784612256
1.8734537651172705 2.1008332089854433
1.875128631433617 2.8334966749366624
1.8780147077639997 5.699348178964985
1.880575692743184 5.177475773747621
1.880771573942798 3.118068605276885
1.8808107694908727 3.3295739809805336
1.8847022116293686 3.7300964339195914
1.8860013075231823 4.679244660069692
1.8860037934477218 4.1703498240207235
1.8952076997698595 2.9798682778202403
1.8960865585676352 3.7092607051673094
1.8960919165797492 3.1294438137977907
1.8967312577549316 5.14876549805608
1.897149906755487 6.2883735896788995
1.898478693759671 5.682208156824679
1.8985285087912143 3.40163314815356
1.8986173745596937 3.9473956828368806
1.8987839556390105 7.921128001359561
1.8990501185110342 4.227089006290941
1.9001576920204943 6.452625738042439
1.9002054137265838 4.60363721469146
1.9002164515533404 7.119777281482278
1.9006093869227882 8.329188267242786
1.914778273448365 3.6433993134647924
1.9149282874438942 3.2746422177326826
1.9164182354533654 3.052930247160509
1.9193210712594766 2.417286098829736
1.9201543724731729 2.6899583887917218
1.9258167196748737 2.242388888763939
1.9303911104493037 2.039345863752001
1.9368536453844305 1.9689852674003019
1.9387218538784348 1.048953425896288
1.939444606269224 1.0053699919786259
1.9395229973653736 1.1463887711248226
1.9395675991959411 1.23528274400284
1.9396122010265087 1.3310697872013957
1.9396568028570762 1.4342844073569407
1.9397014046876442 1.5455025581434756
1.9397460065182117 1.665344854183859
1.9405543809079844 1.842206073454385
1.942911835441432 2.226545983332649
1.9429570808770587 2.401785118130239
1.9435641935289265 2.5942665772445976
1.9444723297315272 2.87338173339355
1.9464673672276933 5.716774742062613
1.9468160724484949 2.0813529753443336
1.9470765876861287 4.530648518500755
1.9471211895166962 4.881966811795152
1.9471657913472638 5.260527241110323
1.9480324860094305 3.289516222422896
1.9484354230014906 3.599761775288546
1.9485508653269368 3.966213138592154
1.9581304562988562 2.3925616920490977
1.9581750581294237 2.5780871608246794
1.9583783367646812 2.7704288413583074
1.9598986002963592 3.0267369164132627
1.960390378921709 2.0535952535408066
1.9614231719593986 2.2114844664607163
1.9649781405912337 4.147532732209047
1.965359428318132 4.591056288706777
1.9677725611252073 3.560784389709403
1.9678171629557748 3.8368968909272203
1.9678351919424815 3.306543656671466
1.9702915798365397 1.1268852320627762
1.9720499925255548 1.2221729009902669
1.9720937254892932 1.3150287906894487
1.9721383273198607 1.4169995501715575
1.9721829291504287 1.5268773880864577
1.9722275309809962 1.6452754399021943
1.9722721328115638 1.772854385208881
1.973512903605946 3.0020518168849124
1.9735606400406898 1.9451188365741046
1.9746348713425435 2.5853872009619514
1.974679473173111 2.7858648622146718
1.9747484756804665 2.39091341726659
1.9747518546070246 1.0431428540325172
1.9766340549287307 2.189079477801828
1.979886302458469 2.026192487292653
1.9884079552381357 1.16441018483666
1.9884516560216214 1.2528099824622931
1.988496257852189 1.3499561334081382
1.989038366393129 1.0149173503414426
1.989039077284171 1.4533851888053617
1.9890823889791438 1.562704974560711
1.9891269908097113 1.6838811908007223
1.9894486487172167 1.8544515468380334
1.991192415983826 1.085912798750551
1.9943251314267765 2.3967742480245997
1.9943697332573445 2.5826263693687213
1.9957909097677042 2.80658882605258
1.9970327779087116 2.0779506767177987
2.0014533148938605 3.0602795853805986
2.001497916724428 3.29758163972212
2.001857975138465 3.6510998040469174
2.002375761844237 4.097780595631978
2.0024203636748044 4.41553318210468
2.0028740859330334 1.6342098456767502
2.002918687763601 1.7609307359695268
2.0032150872012826 4.7740864092413675
2.003880059947927 2.2204178900014857
2.004186866479408 1.3067662395421806
2.004230792524664 1.4065038523318212
2.004275394355232 1.5155678264837436
2.0046626193387955 1.9090916433419978
2.005887818108783 1.212717571637292
2.006789569133991 1.033138584263102
2.0068339175450665 2.564991693950975
2.008589908133711 1.1323869125843082
2.008781192920531 2.368294721578373
2.0092525531753935 2.787411011812631
2.014256936489539 2.0660272688238503
2.0175576167626827 1.6922372633867728
2.0179276092208003 1.3640885148553235
2.017972211051368 1.4698634932021433
2.018016812881936 1.5838405390265673
2.0182595163495702 1.873196571808773
2.018620964950534 2.8688789924438294
2.0188743844423955 1.2530922930275479
2.0192345780134953 2.290423673414115
2.019279179844063 2.4680290940463046
2.0193237816746303 2.6594065018457953
2.01993671895228 2.1207861991500834
2.019966318348929 1.0510226473994284
2.0203212407945976 1.1537330838611828
2.0397115487412254 1.0430996781848532
2.039762232639598 1.135489551526509
2.0398068344701654 1.2235383705127856
2.039851436300733 1.318414724384308
2.039896038131301 1.4206480379890836
2.0399406399618685 1.5308087891575555
2.039985241792436 1.6495116920578363
2.0400298436230035 1.7774191273966249
2.0400744454535715 1.9152448386068257
