0.02447312027111115 323.0317995674386
0.024824528633159204 352.51946904315173
0.024869130463726852 379.8547473618216
0.02827897419988895 408.49308281022275
0.029142526460356588 721.6869173053472
0.030399757454114884 621.4106963798774
0.030441656143436024 666.57259036964
0.030502138928827027 485.8384966851709
0.031313419195440007 438.29831791675593
0.03133369275478892 558.7043344122019
0.03992562720686532 445.02608922939424
0.04534170858693193 395.83159958763025
0.047985887565016094 335.4538025554538
0.04895344318494371 366.716908139647
0.062165947074411754 418.75856974424687
0.06611281487154985 447.87253876482004
0.0757761731459517 403.7781694561217
0.08275534595182077 369.5290075632351
0.092864553585571 331.47371406342756
0.10042987553933636 297.15962040645184
0.10739400536416843 257.0134457973432
0.11019979089080345 235.7679977412219
0.12201558598889306 222.34611951908715
0.13073003066389222 204.8410079393196
0.13785705564187023 186.912152697802
0.14685108235436706 166.6213375568696
0.15680066949751015 169.60222949129783
0.15997969876048468 152.6932098261997
0.16723049425710956 140.70922632934267
0.17686405961452256 135.23887529458509
0.17811669526816187 148.45433236201475
0.18772325378712107 137.9361426462693
0.19751543493613966 121.26292605595073
0.20131701322323414 112.57357642727621
0.20605812023404368 139.44573063770875
0.2068783884453015 157.35785954360585
0.21601162693199427 123.81784061747533
0.2170443308551373 114.03415257974304
0.22262824091817324 110.79245986730243
0.22999488005950386 116.14325449392977
0.23701689282709237 97.79092903414457
0.23742253296039884 106.22455533669704
0.2478859422021521 82.29481959007923
0.24791757539078696 77.01319148019925
0.24943407624639047 89.77262464025738
0.2571720208001588 59.88826420307013
0.2588603052093037 69.90287737605213
0.2603681474315175 84.23677050310027
0.2633010556839961 76.25165704940122
0.2642160689959443 66.41903046590842
0.2779650006652311 72.0375847605894
0.2818408878159364 58.07905807751693
0.2835223768283367 79.20757593708473
0.2861466539289933 64.9256542922239
0.2912031048923869 72.8945908693768
0.3036138611838045 66.20135002460339
0.3065655071199236 61.83586880117324
0.3189499487408731 66.21330808361462
0.31970105193449794 54.00853516526204
0.32191996375046295 60.24886993673819
0.3230455456220127 42.251067583474814
0.32358516019335004 45.24474928607846
0.3236297620239177 48.753145056531636
0.3387342792762591 57.50295113219004
0.35186109388267217 53.28002117378522
0.3557660567332178 46.22060602410094
0.35790308511546287 49.61789805471536
0.36494727597703647 65.04716282210869
0.36583636370702943 58.531435763739545
0.3685711747106576 53.511655631417675
0.37405679439929107 49.189670554380214
0.37724035142385337 41.04752236263069
0.37934161574566183 43.879384953439065
0.3965858548043204 46.76351837118874
0.4004699308829195 51.74661799513808
0.40355913862390236 57.330406471543654
0.4130697890099706 46.87029297664782
0.4191147053602269 43.031825851399425
0.4212510050008841 39.21353041539779
0.42250738643596475 35.3649012056377
0.43059932752176056 48.084772029538726
0.43587222091607525 44.45275208458057
0.441129004680739 52.840537735280144
0.44665709235662276 48.70817797292451
0.4524088301574736 45.35401729814976
0.45273410493611344 41.05594120733767
0.45672770650557604 52.447814753600866
0.4588730545558798 37.15869692618442
0.45903551334479586 48.775362653537385
0.4674460670192304 43.53539061744922
0.47224469698934357 36.78204309204477
0.47351640994875266 40.77555793077465
0.48432248256881894 45.505405873555254
0.4843362396269485 38.93593232728058
0.4917430155887521 42.37103795934984
0.4931669966081552 50.29137092883836
0.5021305269725892 46.96782518233508
0.511102566411789 43.85793249331651
0.5151469814474845 49.121675044947054
0.5216382372583559 32.77720823484854
0.5229692004048209 38.67428507077604
0.5233380625788784 34.89481303349137
0.5393725592905748 40.42735679888536
0.5480691018433261 43.161504682561734
0.5541696551920503 37.64719578162218
0.5577547554014675 46.424187325594424
0.5634260977883699 41.70196265729479
0.5665779604818167 35.874770662515914
0.5711042665321502 38.21412657259908
0.5764290857050551 44.29162955009765
0.5788386294237668 48.172549417594865
0.5808794360855355 41.545261801940605
0.5817648837900999 52.28814621041057
0.5889189160453535 37.26718129405086
0.5956576782266098 46.374717323622875
0.5958240903595992 40.36059591462417
0.604929637007272 44.65449650430654
0.6101396072803481 47.852075827035776
0.6220585829960977 43.96698731369802
0.6244087953636225 52.49931828387258
0.6251077263221768 48.35044006186883
0.6278527662580219 45.70495250518836
0.6416332574627445 43.102904691169776
0.6476892276673886 47.46683413003645
0.6504577849320784 41.92035687221049
0.655523741942189 51.98576723281806
0.6604019657927286 60.48219668543576
0.662591694507498 55.20148992565086
0.6725881126950938 50.814859513946544
0.6804365674554652 54.312279303077396
0.6861737144370877 50.10667604700102
0.695711478011323 55.576364805716565
0.7071759055090182 54.985200822256786
0.7111584526534885 60.89279022973182
0.712732077184186 56.8822472789043
0.7264047007661664 62.60666690449499
0.7387434593000496 59.56220959566876
0.7450807244317946 63.4655090232639
0.7539013407345655 69.24632866765381
0.7614369382713987 64.88182304143663
0.762278628877035 75.89001289684822
0.7689080827841349 63.823567302748835
0.7741102781130705 69.23934316545183
0.7777045774500421 77.84100152832649
0.7901608550496181 74.49392328538086
0.791992649112022 86.46173796710825
0.7971854590589372 78.25492032534223
0.8018262610989922 64.03007417766865
0.8046363323752103 69.37356587157903
0.8080267264902689 91.88314039680525
0.8080664626665929 98.20463313683767
0.8102786397407139 83.04694940335506
0.8114560174846489 76.79007013130082
0.8160998605586062 70.76929017435691
0.8231871590143361 84.38149872109784
0.8326035515466023 94.11309595565079
0.844636415859176 84.92322325058394
0.8484260509404747 92.20829060039819
0.8655195335591969 94.07101707737174
0.8763065031766145 94.37246995622073
0.8861753262956392 104.09449839614823
0.8924663960666971 110.24100664923475
0.9014395840175845 99.97484738559643
0.90735267170509 110.39878109691823
0.9160956441743159 119.30808687383191
0.9200990204956078 103.57793222039837
0.9291891842510084 109.88117223134945
0.9407461382769337 112.19847085808618
0.9412536108093864 102.56734037240422
0.9510762695701745 129.96958704716164
0.9649023491797429 124.9111230011179
0.973582118169466 112.17668080200876
0.9763519570127291 126.41150204160094
0.9839336272069846 136.46388596707126
0.9995225632715342 138.98325826925455
1.0072364439053967 131.92668234847383
1.0091274601536684 154.82520888541166
1.0158833703872072 141.96967254277936
1.0292228255862153 154.59960799429385
1.0406807210853586 170.72878636209268
1.048232790889163 156.07895583792782
1.0566921266090215 151.1682525303183
1.061566823503839 165.37140175263607
1.0692778206063478 170.55960422367082
1.0709131596254662 153.0012961426588
1.0836966524729341 170.8370518105744
1.0956282872175764 160.3295744016451
1.1125409657395675 155.5880895250472
1.1209836380163472 140.24476513660434
1.128008750026237 158.27088294430934
1.138959334224214 145.3560524190626
1.145388350207884 156.79967640356026
1.1546233619625088 172.8959865777831
1.1632916601547993 160.91973022092645
1.1759371238523664 163.8957375591405
1.1776647448663615 179.198525138494
1.1785838500212407 153.59943041179716
1.1912260907427061 168.15686519086316
1.193827405623881 130.6741579571773
1.1942220159754942 123.67564150123948
1.1944974829631474 143.41672755280104
1.1989715651043502 157.89435383002527
1.211794461433835 150.40556462049426
1.2139348143043764 164.06565037325808
1.2153852466871857 177.72250239763352
1.2275839825044992 158.05329747538897
1.234981351137244 145.75132660041282
1.246447718536304 161.18090512269364
1.2487011246579378 144.39144464794265
1.2643172842699921 147.86331922616324
1.2685525332096974 137.88009892321634
1.2705594005626422 130.381508106591
1.288209509843416 134.01249316219423
1.2925487788178032 114.13661880673907
1.2935492789716725 141.35252946790163
1.2937129316479727 122.45406371992253
1.3034711589170387 129.4047849073459
1.3084690981355336 118.67108414877927
1.321991055382286 111.48729416653521
1.336058747884484 127.67278493196797
1.3411825135009665 115.57081607482955
1.3483203269087412 121.7070522422932
1.3486094785489553 105.57933049395804
1.3503365323859922 83.07166004901622
1.3510016177635227 95.49476308074448
1.355808568789862 88.21371126313211
1.3696565103898313 95.49101573165123
1.3851638042062064 88.94244252691458
1.3886581774217652 83.41682039651143
1.3981117381461714 80.35554710044853
1.40430981576268 99.9275166931309
1.4050822806104564 89.00281196393222
1.415114893047523 82.1308349703648
1.4183589418679476 75.84184791803902
1.4205443028447506 68.71569301301908
1.4370492181450967 66.3172002257283
1.4385859846612599 79.54028189535035
1.4388709919968545 72.53782666896382
1.443581727577492 53.13498876626997
1.4460238805366639 57.60545112748438
1.4540305357608454 64.03896578875987
1.4569750201279477 67.31799344588825
1.469907451231061 67.43617468120758
1.4706106396370786 62.55120923982902
1.4780792161656309 61.26695586067545
1.4830114352625694 55.868094211164376
1.4887844664442396 46.31492533746003
1.4889755302599896 50.84188173978391
1.5031023679629878 54.77828554898365
1.5062219575758475 48.84607098151411
1.512914056781336 45.62277999728722
1.5141260552115687 33.50046191875453
1.5145973028355462 42.26270165070288
1.5159659370379268 39.2321942635888
1.5171652870197438 36.234048604950424
1.5316757492310846 31.82851505698742
1.533842799643967 34.46015798188041
1.5410341470966071 37.49615997544333
1.5435574065801805 33.85117057867034
1.5441513253283454 31.273185834363954
1.546664261971873 24.84330081597365
1.5467222443516109 27.376257968733945
1.5534199139588822 22.10154578859537
1.5542769211272134 19.50335809613672
1.5666717216390937 16.847407394659598
1.5698651205551948 15.303005210600535
1.5701425895568337 13.859420207440618
1.573584083851654 10.25341549286749
1.576703594859182 11.065383659052944
1.577084889826637 12.303748656883686
1.5778778394166721 17.581589163572495
1.5822665121004609 15.566405565570697
1.5834304777000678 14.073963171083728
1.584043318436958 9.383002274864355
1.5880658098284934 13.156216814629701
1.5930602011741017 11.99349017368082
1.5995483596356284 10.516818754197306
1.6020145254995404 8.43988182425872
1.6033362939905595 9.370579265334264
1.6054000650996736 13.034421954513565
1.6061710395994857 7.917334004402271
1.6073795175100476 14.310398601798427
1.6086203269207333 6.146078087068864
1.609169064593778 6.682868142871837
1.6092136664243455 7.20107515466673
1.6098027692738883 11.927682756569514
1.6126865271408168 16.098979703626096
1.613531544689526 10.621725191194317
1.6148405928216412 13.841636446122896
1.6148851946522087 14.914953008375806
1.6166636926460933 9.351948558719549
1.617731602384798 11.680630580939662
1.6210524114061529 8.782498580455778
1.6298395512725317 7.198588017458712
1.6308614352044764 10.104956714478842
1.6323674650080284 7.913180068376954
1.6340112705419885 8.663488488234693
1.6343828623586774 9.249740742509996
1.639236172257395 1.4706468342702765
1.6393805779244146 2.161192395409356
1.6397334826682242 1.5949351436225467
1.6397780844987921 1.7186105711655661
1.6398226863293597 1.8518761136666197
1.6398672881599272 1.0666906006257018
1.6399615602109 2.3366895516920145
1.6400061620414674 2.5178825490978127
1.640050763872035 2.713125723723401
1.6400953657026025 2.9235085629260875
1.6401399675331705 3.150205035752154
1.640184569363738 3.39448014386716
1.6402291711943056 3.6576969804625006
1.6402839098045479 1.1455071788439355
1.6403285116351154 1.234332790759005
1.6406163961778701 1.998857830763715
1.6407532427034757 1.3436581366318912
1.6425218854948986 3.966633591886526
1.6433121713644971 4.256985235233853
1.6433565704594715 4.585526058173249
1.643401172290039 4.941099698908357
1.6434457741206066 5.324245446394498
1.6439810517403268 6.72207842168994
1.6440985400504644 5.908309999525041
1.6485055139058504 7.722036185126287
1.6489714196078404 8.637671533964152
1.6587470403036182 6.678122259099599
1.6605557995662368 6.085668615220983
1.6688836172424888 4.162136701183331
1.6694036919642445 5.220776602655222
1.6705128004717693 4.884565540418396
1.670602148944043 4.535805957750016
1.671762620353277 5.681597043222299
1.6734737538146804 6.338286485536146
1.673518355645248 6.829773737618629
1.6735533275351249 7.241655731023196
1.673607559306383 7.930037090860392
1.6785968259467121 3.967041395661104
1.68247724152154 3.540872602933548
1.6835308584009039 3.1570158140661806
1.6879511025457514 5.051930835135205
1.6879880454761205 4.547648102935874
1.6884918387329875 5.6511572867832855
1.6895834136956163 4.229459853191003
1.6918914136163536 3.9345804069923855
1.6922436908452312 3.078911519685545
1.6977797241181123 3.3477360924997903
1.7012039282921463 3.6877483151991597
1.7016362056298195 6.172257682390656
1.7020429640269161 6.717127627025102
1.7043187072666175 4.5265282990193425
1.7045443350875384 5.360094998645849
1.705363694060377 4.995372351169144
1.7065186418754683 4.202524071070412
1.7070879910005177 5.828180324657776
1.7107750756607762 3.115675190578929
1.7112629926557736 3.447459942666948
1.7138309768399718 3.9043724622754454
1.7146473254964216 6.64542508826477
1.7153508180058297 6.167180985119501
1.718253991704596 5.311428061364768
1.718298593535164 5.723290035176003
1.7190791255700977 4.224737519656827
1.719121989667007 4.539107862213769
1.7209904877832876 4.949496729279963
1.7301059144999806 4.36190643865628
1.7311591259081576 1.1105346589999714
1.7317541548750484 1.6077897991227164
1.7321089421636549 2.912262950227966
1.7322447750112926 1.044701951691256
1.7323248555707211 1.1946123187982691
1.7323664163673862 1.280707639715813
1.7324110181979542 1.380017047708237
1.7324556200285217 1.487027166003281
1.732542796333722 1.7207330954366256
1.7325873981642896 1.8541632240010957
1.7326319999948572 1.9979398724622015
1.7326766018254252 2.1528653369364394
1.7327212036559927 2.319804125672022
1.733035443825901 3.9261489157877376
1.733518968216373 2.5209827782672125
1.734394532560755 3.120789270609627
1.7344383741328473 3.358505280071282
1.7349810297380865 3.61483080211431
1.7500879897150057 2.1221742931426624
1.750671413103535 2.3039009549477307
1.7507160149341026 2.4825514391127244
1.750735950600796 1.6906622831940392
1.750760091153872 2.672701657409668
1.7511988635392628 1.0487484381771155
1.7512848910094339 1.8389465737518877
1.7513294928400014 1.9815432834970703
1.7517418570371586 1.1294291213920533
1.751786458867726 1.2170079988318234
1.751831060698294 1.311377970664622
1.7518756625288616 1.4130656360477287
1.7524271033431522 1.5434511117249838
1.7532637255589516 2.9544392048719206
1.7612102850384201 3.9034491089725587
1.7616956678384992 3.6230501913474686
1.7618384950641124 4.460031369532241
1.7618923776796263 3.2926453000607405
1.7629889519786328 4.125958544562394
1.7633318003934004 4.825092224765561
1.7633746001298038 5.1835773914738095
1.7634967563699444 5.644826185962368
1.763541358200512 6.082540719212477
1.765518146085943 6.648249922680559
1.765802584123609 3.0586856971282654
1.7743407936434106 5.132710033622192
1.774385395473978 5.530713745811255
1.7744299973045456 5.959579703067476
1.7744745991351132 6.421701044302402
1.777661602664765 4.755189554080017
1.779536906904541 3.1587183506123373
1.7798464165772678 3.493395277535805
1.78162386710392 2.2327143361351887
1.7821074099249006 4.181536824268142
1.7827730738156142 2.0611564620246323
1.7828646089360745 2.4025658506326386
1.7837553840815126 2.6545136127747155
1.7865654603085388 3.0019081644323737
1.7868864776397149 3.8485673538676872
1.7905599790152098 3.4402512573073243
1.790724146575557 4.528692283221941
1.7936209485842425 3.858903597081139
1.79366555041481 4.158133038556943
1.7986900142067865 2.9145913287804044
1.8034463843115631 2.667874607668903
1.806905487969905 2.0830138015680904
1.8073208063142818 2.4776410434277563
1.807516446161999 2.2644830556087627
1.8081879514999897 1.9919201789974594
1.8153927239690582 4.389752526790123
1.8154373257996261 4.730145377703005
1.8201128140566758 3.9191173104092174
1.820179987116652 3.1402601329053867
1.8203931973824714 2.95578963805825
1.8204734622469845 3.380976341568968
1.8205180640775525 3.643146058142304
1.8254252975484695 2.6959333228579423
1.829278422659796 1.0993657830258654
1.8297817379058223 2.0115507804721338
1.8300144204426934 1.1711477793708414
1.830059022273261 1.26196163027187
1.8301036241038284 1.3598174238386667
1.8301482259343964 1.4652612106573093
1.830192827764964 1.5788813834993538
1.8302374295955315 1.7013119606452616
1.830282031426099 1.8332361238052468
1.8303915086465832 2.20206554212781
1.8315968007121048 2.3987220554628057
1.8371474695640204 2.940530932409994
1.8371920713945884 3.168547364127261
1.838221620662782 3.4241769772219426
1.838389920167606 3.795133489122225
1.8412817696353652 5.48613291500472
1.8418966851209264 4.761488540079986
1.8424223021598802 4.32576595566724
1.842609977394996 2.673828670367902
1.8460094478266247 4.001960190717026
1.8488045634540615 2.102875631404259
1.850292720685501 2.3403407209964855
1.8510840717833572 3.050903872292509
1.8511268996774817 3.2777284350077744
1.8516169405691731 3.639691034882569
1.8522818167750588 2.8101897080829166
1.8538278446217427 2.012041010726541
1.8550390208465135 4.369063464689116
1.855083622677081 4.707852031809617
1.8583513825514726 3.990860694541762
1.8641966326567792 2.564109297580941
1.8672833946985388 1.9780077001594152
1.869040616718196 3.062303133772366
1.8690852185487636 3.299762099329686
1.8694709152178541 2.180922154792939
1.8696420656455475 3.637011057935371
1.8715403465859186 2.845757771133134
1.8778636697468505 2.3658239841228883
1.8780206208854766 1.0833549615785758
1.8780292822005538 1.4723338977701554
1.8786942098948445 1.178306253781854
1.8788735182641974 1.5909305769946271
1.8788927390695571 1.2942153201873996
1.8794071315969538 1.7715425221969725
1.8796641870788058 2.593870999363446
1.8832138620590326 2.861089860586051
1.8845519169760618 2.195499699988938
1.8849965461674865 2.005351525979284
1.8881440538000365 1.3899105345867993
1.8893444898653904 1.0437142327182893
1.8924965456403546 1.1401886542970325
1.893188453258706 1.2411739611560197
1.8941581191718568 1.6050992721500665
1.899890891979462 1.7907801385157422
1.9042951200124238 1.315729147027491
1.904750126262745 1.4451245103035124
1.9062121877844587 1.0332189147278654
1.9070729451899586 2.5023630683017255
1.907165045073858 2.9196134613242433
1.907687596066077 2.0012834918677775
1.9077321978966446 2.1564682293044175
1.9077767997272121 2.3236863957035916
1.9079557138884664 3.1353345876413843
1.9079570654590898 2.7341387668222765
1.908000315719034 3.3784566024565095
1.908044917549602 3.640430931892462
1.9080895193801695 3.9227194335553137
1.908134121210737 4.226897321299617
1.9081787230413045 4.554661955167324
1.9082233248718725 4.907842312921453
1.90826792670244 5.28840919602722
1.9083125285330076 5.698486227031496
1.9083571303635751 6.140361699707716
1.908401732194143 6.6165013480919725
1.9084280878212967 1.1972147562916753
1.9097869376177723 1.0976634884473733
1.9116021162729648 1.6227897185567741
1.9124554303859616 1.70755563241929
1.9133038788447143 1.8471088195267393
1.919933332751814 1.2988900304813074
1.9207050795776963 1.4344201086034924
1.9208192872953624 1.143904078550848
1.9236123755668646 1.052599746326944
1.9243775865833759 1.2059764143181417
1.9255024795049653 1.5845721834696884
1.9255470813355329 1.7074440400758952
1.9255916831661004 1.8398437006555386
1.925636284996668 1.9825099759588023
1.925680886827236 2.1362389660468355
1.9257254886578035 2.301888502654218
1.925770090488371 2.480382936023789
1.9258146923189385 2.672718292925144
1.9273554828294572 2.879946324080648
1.9276575588637561 1.3647033566817348
1.9277021606943237 1.4705260114660932

